iteracion,valor,gen
3726,4.930584365627642,p20 * p11 / p22 - p33 + p13 
3727,2.22357961424719,p13 - p20 / p28 / c1.0018547301888703 * p13 + p26 
3728,1.4477667762200517,p30 + c0.49621659619104197 / p32 / c1.3783742509216723 / p24 
3729,1.458705449433863,p30 + c0.49621659619104197 / c1.3783742509216723 / p24 
3730,2.646893522857567,p12 - p10 / p29 / c3.2659495964609375 / c2.5407307597083895 
3731,2.3467254936051116,p13 / c1.0018547301888703 + p26 - p5 
3732,2.5979455764103743,c0.37244146055300853 / c2.0346446163437775 + p28 
3733,2.1509209275603536,p33 / p0 * p3 - p0 / p21 + p2 * c1.1218627932264824 / p10 
3734,4.147657300464092,p30 + c0.49621659619104197 / c1.3783742509216723 
3735,2.559331240424428,p12 - p6 * p15 / p23 * p25 / p16 + p15 
3736,3.568378302217099,p2 / p15 * p10 - c3.0376062258049226 / p34 
3737,2.5030740008909027,c4.3720944059076405 / c1.962378711279641 * c1.9117868202392019 / p9 + p13 
3738,2.4918178114811043,c0.022383650632958885 + p1 + p31 - p5 
3739,5.004032057428335,p2 - p16 / p3 / p9 * c1.5475844167925712 / p0 * c4.593543905936107 * p4 / c4.003553128645024 * c3.3428138971668186 * c0.12115884795363796 
3740,2.4918178114811043,c0.022383650632958885 + p1 + p31 - p5 
3741,2.2579790198177996,c1.454519443849216 / p25 / p31 / c4.432842960615305 / p30 * c3.994526710217463 / c4.57329989816162 * p0 + p22 
3742,2.6251105776866583,c1.454519443849216 / p25 / p30 / c4.57329989816162 * p0 + p22 
3743,3.576729979786953,p24 * p16 * p33 / p12 / p9 
3744,3.2097658489951706,p11 + p10 - p16 + c3.7188810025444634 / p4 
3745,4.603435303626289,p30 + p0 - p25 * p26 / p3 
3746,2.1954679400104413,p15 - p27 / p23 + p30 / p15 * p17 / p16 
3747,1.808886662461287,p5 - p12 + p32 
3748,1.808886662461287,p5 - p12 + p32 
3749,1.808886662461287,p5 - p12 + p32 
3750,1.808886662461287,p5 - p12 + p32 
3751,1.808886662461287,p5 - p12 + p32 
3752,19.807688910788134,c3.8402982002048502 * p13 / c2.1312108213722807 - p20 
3753,11.454629393959362,p5 / p1 * p11 + p16 / p23 * c1.0734981248599458 
3754,10.609444442260878,c4.9355017951359095 / c2.384171590820939 * p21 - p26 - c2.055881900489298 + p22 / p33 
3755,1.8502021894939011,p3 * p31 / p8 
3756,1.8502021894939011,p3 * p31 / p8 
3757,1.8502021894939011,p3 * p31 / p8 
3758,2.2988571663083524,c0.34795506736816917 / p29 * p7 + p17 
3759,1.474498288094985,c2.347806854058949 / p19 / p3 / p14 + p32 
3760,1.470532735487542,c2.347806854058949 / p19 / p14 + p32 
3761,3.8593568573533616,p15 * p18 / p5 + p33 / p10 / c4.296954494856562 
3762,9.47360361609203,p8 + c1.8205452639543984 * p18 / c1.741068857131462 - p25 - p24 / p19 
3763,2.357301472518027,p1 - p3 + p20 
3764,2.6791265243287423,p15 * p18 / p5 + p33 / p10 / p17 / p11 / p28 / c4.845986680953874 
3765,2.6098867513220574,p15 * p18 / p5 + p33 / p17 / p28 / c4.845986680953874 / p14 
3766,10.702669783874649,p15 * p18 / p5 + p33 / p17 / p28 / c4.845986680953874 / p14 * c0.9704622079940023 + p19 / p24 
3767,10.269686427892644,p1 - p20 / p32 
3768,3.05358284834068,p23 - p28 + p8 + p11 / p19 / p4 
3769,2.713005009961869,c4.986262933433735 / p9 / c2.421237417689483 + p11 
3770,2.973896876565815,c0.34795506736816917 * p7 / p29 + p3 
3771,9.889320742826992,p30 / p14 / p25 / p34 * p24 + p17 + p2 / p3 
3772,2.5584503814505797,p30 / p14 / p25 / p34 * p24 / p3 + p11 
3773,9.306229914714393,p0 * c0.09511076700268184 - p1 * p34 / p4 + p5 - p9 / c3.5259215233259895 * c0.7713116711291201 * c3.8157658791608817 / p9 / c2.5994284973291615 + p0 
3774,3.9190481782328335,p2 / p4 + p15 
3775,2.881771925288284,p26 + c1.2727419496406533 / c1.8757853361550647 / p2 / p18 
3776,4.009989772553499,p26 + c1.2727419496406533 / c1.8757853361550647 / p2 
3777,1.8627155405554228,c4.986262933433735 / c2.421237417689483 * p12 / p32 / p9 + p25 
3778,5.379370849031502,p15 / p15 / p33 + p8 
3779,2.8665720609644203,p2 + p7 / p19 / p4 
3780,3.8916087654211804,c0.34795506736816917 * p7 * c2.809249475371601 
3781,3.8916087654211804,c0.34795506736816917 * p7 * c2.809249475371601 
3782,2.256628225526808,p15 / p15 / p8 / p25 / c3.1862593297074553 + p26 
3783,2.1122375647020837,p13 + p30 - p21 
3784,2.1122375647020837,p13 + p30 - p21 
3785,3.8997718821770366,c4.986262933433735 / c2.421237417689483 / p9 + p25 / p34 + p25 
3786,1.7980999111088969,c4.986262933433735 / c2.421237417689483 / p25 / p34 + p25 
3787,4.293144761105619,p11 - p23 + p1 
3788,4.293144761105619,p11 - p23 + p1 
3789,2.6231841086451833,p16 + p18 - p8 
3790,1.5379310081303437,p6 + p33 - p5 
3791,2.5487797219110297,p28 / p6 * p25 
3792,10.19237962637072,p30 + p0 / p0 
3793,7.455357406131316,c1.6280452382523518 / p22 + p7 
3794,4.244471224161974,p30 + p0 / p0 / c2.6979635686728285 
3795,2.362334984811071,p16 + p18 - p15 
3796,9.74742360895843,c2.281769704467964 / p33 + p21 
3797,1.4616795180304012,p30 + p0 / p0 / p24 / c2.4009017778460735 
3798,2.1120747279266734,c0.38898154220597947 / c0.7419600393250236 / c4.2877003091051975 + p28 
3799,1.472716787853254,p1 * c2.088873782826684 / p9 * c1.0722052157312445 / c3.6825642732769914 * c1.7059724006519135 / p18 / p29 + p32 
3800,1.445050372278108,p1 * c2.088873782826684 / c1.0722052157312445 / c3.6825642732769914 * c1.7059724006519135 / p18 / p29 + p32 
3801,1.4272292232834616,p1 * c2.088873782826684 / c1.0722052157312445 * c1.7059724006519135 / p18 / p29 + p32 
3802,5.4509776834094,c0.7094978924910689 / p15 / p26 / c0.4082710613492463 + p6 
3803,3.120947068996542,p15 + p26 - p11 - p0 + p30 
3804,2.129582949072724,p16 - p15 + p23 
3805,2.129582949072724,p16 - p15 + p23 
3806,2.5599003330695465,p26 / p7 * p3 
3807,3.072957899468675,p9 * p5 / p14 
3808,4.429933456256871,c0.29954386921033804 - p33 / p29 / p1 * p10 + p3 - c0.15683824188253537 * c1.0321209445200212 / p0 
3809,2.051031740961576,p26 + p17 - p22 
3810,5.330061381945641,p2 + p20 / p10 / p1 - p20 / p29 / p6 
3811,2.7835598960282755,p17 / p12 * p5 + p0 - p2 
3812,2.5880401282110466,p31 - p8 + p30 
3813,2.5880401282110466,p31 - p8 + p30 
3814,2.5880401282110466,p31 - p8 + p30 
3815,2.5880401282110466,p31 - p8 + p30 
3816,2.8469932856196962,p16 / p5 * p15 
3817,2.3187670186358345,p27 + p33 / p27 * c0.5357275936376871 / c3.3374492091742725 
3818,1.8807773747514351,p27 + p33 / p27 * c0.5357275936376871 / c3.3374492091742725 / c2.014551341763562 
3819,2.1049871638456437,c2.412014924804194 + p26 - c2.3640360039908854 
3820,2.1049871638456437,c2.412014924804194 + p26 - c2.3640360039908854 
3821,2.710100228473643,p21 - p31 + p26 
3822,2.9292542329890727,p1 * p24 / p24 
3823,2.8683623398509757,c2.440205384327915 / p6 + p20 - p16 / p28 / c0.4889770193045906 / p31 
3824,3.6967677217738513,p18 - p16 / p19 
3825,2.9380959496585213,p8 / c3.888206153776342 / p8 * c4.440998216711103 - c3.527172639005829 / c3.052289473842497 + p2 
3826,3.6967677217738513,p18 - p16 / p19 
3827,2.5294181779026563,p28 - p33 + p27 
3828,2.375538410731109,p15 - p25 + p30 * p25 / p0 
3829,2.5294181779026563,p28 - p33 + p27 
3830,2.5294181779026563,p28 - p33 + p27 
3831,5.734496059447687,p28 - p33 + p27 * c1.0634674453881328 
3832,3.2074720685384057,p33 + c0.1980259969832704 - p10 + p6 
3833,5.695076671502639,c0.9253921606429627 / p23 + c0.22223655037653556 / p13 + p13 
3834,2.52017505966958,p8 + c0.8072754417993416 / p4 
3835,2.52017505966958,p8 + c0.8072754417993416 / p4 
3836,2.0570515074544167,p27 + p26 - p21 - c0.18199932268949448 * p14 / c0.8782515529864698 / c3.3653151377092687 / p25 / p34 * c0.9323116444215523 
3837,8.170860951208288,p26 + p23 + c3.6401994226767136 * p13 / p22 - c4.556780626166152 - p17 
3838,5.396642567896237,p31 - c3.205962433157838 / c2.3639377865072793 / p26 
3839,4.1729911335976,p26 - c0.2945029020820755 + c0.5525881424882911 - p5 / p16 / p31 * p33 + p27 / p32 
3840,1.8396751605769492,p32 + p5 * p17 / p8 - p17 
3841,5.381694207118811,p27 + p12 * c1.0754705635898265 - p26 
3842,2.57582063258047,c2.4005338847576807 / c3.7603828734756277 - p3 / c1.4444404069820944 / p3 + p33 + p21 - p0 
3843,2.7620123900587257,p6 - c0.0936487519477408 * c0.056253737866844844 + p12 / c1.5865248486916605 / c4.280060388855245 / p24 / c4.918297528282395 
3844,2.754516917486446,p6 - c0.0936487519477408 * c0.056253737866844844 + p12 / c1.5865248486916605 / c4.280060388855245 / p24 / c4.918297528282395 * c0.7503460178828464 
3845,2.310590772967042,p26 + c0.5525881424882911 - p33 / p32 * c0.4744517136260973 
3846,1.7993705308505292,p32 + p8 - p17 
3847,10.385008675725494,c3.9132228061667336 + p22 - c4.833583294148077 
3848,3.198452423905407,p21 * p28 / p2 
3849,4.546074290339705,p25 + p14 - p24 
3850,2.52578310512899,p8 + p23 / p16 / p9 
3851,2.9409524003327547,p11 - p7 + p20 
3852,14.12976663960995,c0.4164577598498892 + p30 + p8 / p1 / p3 * p28 
3853,4.0719290239257955,p8 + p23 / p9 
3854,4.0719290239257955,p8 + p23 / p9 
3855,4.0719290239257955,p8 + p23 / p9 
3856,3.822303763402423,p8 - p28 / p30 / p5 / p25 
3857,3.696891153899965,p8 + p23 / p9 * p29 - p5 
3858,2.823469315965089,p26 + c0.5525881424882911 / p32 * c0.4744517136260973 - p21 + p10 
3859,2.075387511411134,p27 - c2.5031744044202537 * p21 / p31 / p14 
3860,2.2241629216780607,p27 - c2.5031744044202537 * p21 / p31 / p14 * c1.4620789146611295 
3861,2.1085417074709385,p28 + p1 + p7 - p8 - p12 / p34 / p6 + p25 - p7 - p25 
3862,2.694433876813614,p26 + p23 + p22 / p24 / p28 * c4.266656596472395 * c1.561116345657172 - p25 
3863,3.8625501710224297,p1 - p15 + p5 
3864,3.8625501710224297,p1 - p15 + p5 
3865,2.56831657580239,p26 + p23 + p22 / p24 / c4.266656596472395 * c1.561116345657172 - p25 
3866,2.2947370937974503,p7 + c0.18426222482996746 / p0 * p25 / p13 + p25 - p12 - c0.5904874949910388 * c2.1977315703909337 / p34 
3867,2.724120799308517,p14 * p13 / p9 / p20 * p21 
3868,2.4489569886920166,p7 * p25 / p13 - c0.5904874949910388 * c2.1977315703909337 / p34 
3869,3.0257887892152127,p22 - p27 + p10 
3870,3.088254291334326,p25 - p1 + p17 
3871,2.4737645965736936,p14 / p9 * p21 
3872,2.4933043263635577,p26 - c0.43996409735201414 + p28 / p12 / p22 
3873,4.067274837996764,p16 + c0.5915502638001596 / p1 
3874,4.067274837996764,p16 + c0.5915502638001596 / p1 
3875,1.8068720124339708,p34 / p29 / p7 / p17 / c2.8419366893807907 / p4 + p26 
3876,1.8131763125256672,p34 / p29 / p7 / c2.8419366893807907 / p4 + p26 
3877,3.8252880293968525,p15 - p11 / p9 
3878,1.8273993645574582,p33 * p5 / p11 
3879,1.8273993645574582,p33 * p5 / p11 
3880,2.114149106532801,p33 + p25 - p11 
3881,2.114149106532801,p33 + p25 - p11 
3882,2.486841732658446,p33 + p25 - p11 - p31 + p13 
3883,3.28438637657026,p25 - c1.0106567846520793 / p9 * c3.2356222062035647 * c4.289748517351984 * p32 / p1 
3884,1.9160582996788096,p25 - c1.0106567846520793 / p9 * c3.2356222062035647 * p1 / p31 
3885,2.9588883652752243,c4.5588735742520115 * p16 / c4.703312724529082 
3886,2.9588883652752243,c4.5588735742520115 * p16 / c4.703312724529082 
3887,6.208673898587882,p31 * p21 / p3 + p30 - c1.7693405494029146 / p15 / p8 / p18 - p17 - c1.5595722109089083 / c3.204863283289716 / p3 
3888,2.2810746696575954,p28 / p14 / p17 + p17 
3889,2.433867546126814,p26 - p0 / p3 / p1 * c1.387031632889118 / c2.2607884909021054 / p31 
3890,8.009608213267287,c1.9433462700543835 / p23 * p23 / p8 + p25 
3891,2.7136479636369426,p22 - c2.5886885629865537 / p6 / p4 * p6 * c2.1933826603655824 
3892,2.5182936051412934,p12 - p22 * p15 / p11 + p22 
3893,3.3469524684648597,p8 + p17 - p23 
3894,3.5544387441985528,p34 * p27 * p27 / p24 / p7 
3895,2.9997019400547544,p26 / p7 * p20 
3896,20.26905896782654,c1.674423074379812 + c1.3561769215810133 - p16 / p13 + p20 
3897,20.412829867500772,p20 + c2.0516648007770555 - p30 / p18 / p9 
3898,3.157127983242057,p5 * p20 / p22 
3899,2.1213154023124714,p20 + c2.0516648007770555 / p18 / p9 * p21 
3900,10.33537717584611,c4.46160457820275 + p20 - p27 / p32 - c4.455372332613756 
3901,2.340980626368723,p21 / p11 * p25 
3902,3.26749771577416,p13 - p32 + p23 
3903,4.02325258523872,c0.05619898600346396 / c1.2529548896593616 * p25 / c3.300780873961289 / p24 - p15 / p4 + p5 
3904,2.2759441242907243,p21 + p13 - p21 
3905,2.2759441242907243,p21 + p13 - p21 
3906,2.0284811132664906,p21 + p13 - p11 
3907,2.088391638307259,p22 + c0.2336448944070718 * c0.3409069622613642 / c3.9322747740652444 * c3.086082929419636 
3908,2.6731892793299665,p10 - c4.480738237423372 + p6 / p8 * c4.467673838750093 
3909,2.7028254270112653,p5 - c0.7106432862433648 / p19 
3910,4.648097107032485,c1.9433462700543835 / c1.5684197140071388 / p7 / p3 + p6 
3911,5.729089634689194,p12 * c2.214977450541456 / p33 - p22 / c3.7460255892912535 / p23 * c2.6526185086333074 + p26 - c2.0694736680297865 
3912,6.528265292623368,p27 + c0.576769106797389 * c1.1637699585487309 
3913,3.4641175688120205,p7 / c3.8256928606682155 / c2.049301821951359 / c0.49796607460326936 / c0.27330475352004446 + c0.045324180085472565 * p28 
3914,4.640939564108202,p21 + p7 / p14 + p18 - p8 
3915,3.216221275823016,p5 / p19 * p11 / c1.2172209834481718 / p7 + p23 
3916,3.3568651687318387,p5 / p19 * p11 / c1.2172209834481718 / p7 + p7 
3917,8.791353103320075,c0.768859184501558 / p3 * p11 + p13 * p34 / p29 
3918,10.29404099376845,p23 - p23 / p5 
3919,2.317776469706291,p30 - c4.814108903367062 / p8 / p16 / c3.287226249657897 / p12 / c1.0109836800288545 / c1.3223634310029575 
3920,3.0056198452780154,p18 * p26 / p21 + p26 + p26 - p21 - p26 * p0 / p17 
3921,3.5118506573824773,p2 + p25 * c3.989005542814223 / c1.6827701096311276 / c4.702460021454701 / p32 + p27 - p15 + c2.293109304193477 * c2.881987478416994 - c3.8863536761902786 - c2.9766891881938307 
3922,2.1616956188722427,c1.3089028131432368 - p31 / p0 - c0.5247944098437413 * p6 / p6 / c2.3349006298671595 + p25 
3923,1.5414365689956917,p33 - c1.965255137462194 + p26 - c2.932023598047018 + p10 / p23 + p23 - p30 - p16 / p16 - p26 + c4.9130907730822395 
3924,2.416550316119161,p15 / p3 * p26 
3925,1.9602282273060638,p33 - c1.965255137462194 + p26 - c2.932023598047018 + p10 / p23 + p23 - p16 / p16 - p26 + c4.9130907730822395 - p10 
3926,3.2619184759487116,p14 * p2 / p19 
3927,6.518367751930744,c3.0129662981902934 + p33 - c3.6497657152853513 
3928,6.518367751930744,c3.0129662981902934 + p33 - c3.6497657152853513 
3929,4.859294325937904,p12 / p12 / p33 + p31 
3930,3.9932800771238197,c1.3380252384120301 / c2.6396623338227894 / p25 + p11 
3931,2.0716137075245133,p21 - p15 + p15 
3932,3.9968090205585374,p33 - c1.965255137462194 + p26 + p10 / p23 + p23 - p16 / p16 - p26 + c4.9130907730822395 - p10 - c0.9642306912542725 - c0.7281410674434485 * c3.1397532075713235 
3933,2.6453980118053635,p17 + p32 - p28 
3934,1.9188139402163888,c0.980747912881561 * p21 + p32 - p27 
3935,1.4215353059228508,c1.9148181505734185 / p9 + p32 
3936,1.4215353059228508,c1.9148181505734185 / p9 + p32 
3937,9.928949684093896,p26 + c4.706032023272096 / p0 / p23 
3938,2.4966660254485995,c0.9840508799365316 * p11 - p23 + p25 
3939,3.1297894961809987,p0 + p21 / p7 * c4.954146474806715 * p32 / p26 / p24 
3940,4.6896295063866615,p12 / p33 * p0 
3941,1.8650154090312434,p28 - p12 + p15 
3942,2.1157159777039904,p26 / p0 * p7 
3943,2.1157159777039904,p26 / p0 * p7 
3944,2.1157159777039904,p26 / p0 * p7 
3945,2.9136112645368106,p0 + p21 * c4.954146474806715 * p32 / p26 / p24 / p5 / p8 / p26 
3946,2.9485014507801615,p0 + p21 * c4.954146474806715 * p32 / p26 / p24 / p8 / p26 
3947,4.6896295063866615,p12 / p33 * p0 
3948,4.6896295063866615,p12 / p33 * p0 
3949,4.6896295063866615,p12 / p33 * p0 
3950,13.875270435235052,c2.1709637144815472 / p10 + c0.1807619023266377 * c2.4259994968191028 + p1 
3951,3.2064740270011374,p21 + p13 - p30 
3952,2.172840456453679,c2.0494146649882126 / c3.1501176712189656 + p27 - p16 / c1.4269325361183753 / p18 
3953,2.376632238492195,p20 * p22 / p15 
3954,1.572455960323289,c2.5210433861515327 - c4.947936413470729 * p23 / p22 * c0.5025737008462033 + p30 
3955,4.46779008047245,p21 + p1 / p4 
3956,2.1732937855254035,p21 + p1 / p4 / p3 
3957,22.826594828346973,p30 - c3.6227499493001405 / p17 - c3.310486180100085 - c3.503458988236734 / p0 * p6 + p4 * c0.1256459258325382 
3958,9.787308807897329,p4 + p2 - p29 
3959,4.74282034913253,p33 / p21 * p31 + p5 / p1 / p28 
3960,2.9888685258818515,p22 - c0.6168410858404805 / c4.623888683916952 
3961,5.3133229877014365,p26 - p20 + p26 + p23 / p4 
3962,3.9666166286836733,p22 - c0.6168410858404805 / p10 
3963,2.6488139787817464,p30 * p14 / p29 
3964,25.940210710623134,p33 * c1.730022163486265 - p27 
3965,4.306352969580822,p21 - p30 / p16 + c2.0387593136924043 / p7 
3966,4.3128623149958285,p15 / p34 + p26 
3967,15.015958936805667,p13 + p13 / c2.2299361317406863 - p13 * c0.5986032284814286 
3968,2.7689526022845135,p33 + p5 * p14 * c0.008715229372029953 * c0.06342175835241382 
3969,1.0258877802611008,p33 + p5 * c0.008715229372029953 * c0.06342175835241382 
3970,11.326381491487783,c1.6002897442100894 * p27 - p22 + c1.2539206285494635 + p15 / c1.942665672226473 - c0.8955017238018104 / p29 - p11 / p28 * p8 / p6 - c1.1409498889330765 
3971,3.960793008729694,p18 / p22 * p16 + p11 + c0.13269157045127267 / p34 - p5 
3972,2.504411780870799,c1.6002897442100894 * p27 - p22 + c1.2539206285494635 + p15 / p29 / p28 * p6 - c1.1409498889330765 + p31 / c2.7690028278231296 
3973,2.1199614440360595,p28 / p21 * p30 
3974,2.1199614440360595,p28 / p21 * p30 
3975,2.4841889313547796,p5 - p11 + p32 
3976,2.821304815536327,p18 / p22 * p21 
3977,30.479295438034505,p15 + p18 / p18 / c3.270488268859022 / p5 / c0.34487798397450253 + c4.033584072741274 - p32 + c0.9449275708152849 * p20 - p10 / p12 
3978,5.338296415375387,p22 / p6 * p28 - c0.29877505078274136 
3979,2.8314940009492333,p22 / p6 * p28 
3980,2.8314940009492333,p22 / p6 * p28 
3981,2.110112553182731,p32 + p28 - p17 
3982,1.8089516077723615,p13 - p7 + p32 
3983,1.8089516077723615,p13 - p7 + p32 
3984,2.26546202866366,p23 - p30 + p27 
3985,2.26546202866366,p23 - p30 + p27 
3986,3.2540386650130615,p26 - p0 + p21 
3987,10.65713344252786,p22 + c4.271691725357894 / c1.9000295638078868 / p8 - p8 / p4 
3988,4.459734706661387,p27 + p2 / p11 / p21 / p13 * p11 
3989,9.450276999099836,p27 + p2 / p11 / p13 * p11 
3990,4.301054051140372,c2.2057533348661607 + p6 - c2.5379639383061923 
3991,2.478422472920774,p16 + p2 - p8 
3992,2.291428017498788,p13 + p8 / p19 / p4 
3993,3.058539192264833,p21 - p1 / p14 
3994,2.5569918351917647,p16 + p5 - p8 
3995,2.5569918351917647,p16 + p5 - p8 
3996,7.231493253260794,c1.8388920041345784 / p30 - p6 / p10 * c3.466799535979183 / p0 + p17 + p26 - p23 
3997,2.625941797848111,p11 + c1.0946466202682426 / p4 
3998,1.8685786988473414,p16 - p13 + p30 
3999,1.8685786988473414,p16 - p13 + p30 
4000,1.8685786988473414,p16 - p13 + p30 
4001,2.4257792089200008,p22 / p21 * p30 
4002,2.031981853956104,p23 / p14 * c2.6534412438693438 / p26 + p22 
4003,2.1090520873637457,c3.2263454177857325 - c3.2615408636774994 + p20 
4004,2.1090520873637457,c3.2263454177857325 - c3.2615408636774994 + p20 
4005,4.603687319578451,p22 / p21 * p30 + c0.4727539108868267 
4006,9.397066152370543,c4.0980463104951586 + c0.2708399933907185 * c2.917272702163369 / c3.982826875843343 - c2.5137481899696135 + p28 - p12 / p16 + p6 - p20 
4007,2.0694158150488584,p13 * p25 / p18 
4008,2.021993117630487,p21 - c1.818762838140806 / p29 
4009,3.7964832179535515,p11 / p26 * p12 
4010,2.9451159402275455,c0.9217302952264922 / c2.739074665847461 * c0.5842611484148785 + p23 
4011,3.7964832179535515,p11 / p26 * p12 
4012,3.0079151274143268,c3.084531043009086 / p18 / p5 / c2.484353544054543 / c4.193844664223614 - p16 + p21 - p3 / p32 + p8 + c1.1078509022267773 
4013,3.931929839704176,p11 / c2.753181285428812 / p29 * c3.6339473007946435 - p16 + p30 + p25 
4014,2.1214228085181883,p11 / c2.753181285428812 / p29 - p16 + p30 + p25 
4015,6.58916035630471,c3.084531043009086 / p18 / p5 / c2.484353544054543 / c4.193844664223614 - p16 + p21 - p3 / p32 + p8 + c1.1078509022267773 / p25 - p25 + p13 
4016,5.847216153542559,c1.4718982129521057 / p0 + p32 
4017,23.825947349379337,p0 - c0.23831855091003107 / p22 * p8 * p12 
4018,2.3464584121655814,c3.084531043009086 / p18 / p5 / c2.484353544054543 / c4.193844664223614 - p16 + p21 - p3 / p32 + p8 + p25 - p25 + p13 / p10 
4019,3.0881312597001416,p12 + p20 - p1 
4020,3.1004740519454446,p20 / c2.014685599950517 / p33 / c0.6016766144930175 / c1.5809613797925697 / p33 * c2.279085245302208 / p18 + p32 
4021,2.1065877699384683,p21 + p0 / p1 * c2.4749798792079436 + c0.8531261699275638 - c3.316151027384841 
4022,5.656287432398298,p28 / p15 / c2.6154481140736596 + p6 
4023,5.069012766441476,p25 + p0 / p12 / p30 + p4 / p34 - c3.6792214759228328 / c3.7870745494639584 
4024,1.475792063498893,c0.17243577336494786 / c0.5368228074470599 / p9 / p17 + p32 
4025,4.610249012357125,p22 / p21 - p10 - c3.9855153530394807 / c3.052391208158314 + p30 + p12 
4026,1.8243168817155913,c1.397170791789661 / p19 + p23 
4027,2.6905425465543837,p27 / p19 / c3.4912308435690553 + p8 
4028,4.536960360350424,c0.17243577336494786 / c0.5368228074470599 + p26 
4029,2.4790511904847214,p28 / p6 * p12 
4030,4.536960360350424,c0.17243577336494786 / c0.5368228074470599 + p26 
4031,3.074564496899602,p5 * p3 / p6 
4032,6.477229648821285,c0.17243577336494786 / c0.5368228074470599 + p26 - p22 / p23 
4033,8.112183387971521,c3.201737357175249 + p13 - c2.461854118044986 
4034,7.788976215020068,p6 + p12 / p16 / c3.852490352887217 - p15 / p3 
4035,7.366950937967856,p15 - p25 / p1 / c0.5170770378632017 - p8 + p7 + c2.5823527119365863 - p8 / p4 
4036,7.300919564959594,p8 + p32 - p26 + p11 / p19 - p0 / p34 * p23 / p34 
4037,25.25095709691764,p6 + p12 / p15 / p3 + c2.0658293108517656 
4038,2.831494000949233,p28 / p6 * p22 
4039,2.831494000949233,p28 / p6 * p22 
4040,2.831494000949233,p28 / p6 * p22 
4041,5.725289120085869,p15 / p1 / p8 + p7 + p8 / p4 / p20 / p1 * c0.5988001664560177 * p8 * p21 
4042,2.747556571575746,p7 - c0.02521362007762762 / p30 
4043,2.7482815481301976,p7 - c0.02521362007762762 / p18 
4044,2.5380157852904324,p12 - p1 / p15 / p24 * c0.470361473939776 / c1.6295727706572287 
4045,4.876952388090027,p6 - c1.2084413713357751 / p24 - c0.742339247408097 / p12 - c3.3253946750587273 / p34 
4046,5.30243545818975,p15 + c1.045279905829265 / p1 
4047,3.888373637338062,c0.17243577336494786 * c1.9840031440289358 + p22 
4048,3.888373637338062,c0.17243577336494786 * c1.9840031440289358 + p22 
4049,4.162387344985725,p0 - p27 / p34 
4050,4.990865109285981,c0.17243577336494786 * c1.9840031440289358 + p0 
4051,20.77813797230888,p10 + c4.800793189205967 * p22 / p19 - c1.6949598655495246 
4052,2.650273532586284,p31 - p18 / p4 
4053,2.650273532586284,p31 - p18 / p4 
4054,2.650273532586284,p31 - p18 / p4 
4055,1.4876673405339098,p31 - p18 / p4 / c2.4006052328244394 
4056,3.2920703967378278,p21 - p22 + p5 
4057,1.7646592090055546,p23 - c0.97819334498149 / c2.4007145938363417 / p28 / p10 / p9 
4058,2.4816802775300095,c1.2340358441294978 * c1.2830767218869898 / p34 / p18 * c4.435239558858988 * c3.260645629770609 / p0 + p18 / p6 * p8 
4059,5.770037638050765,p1 + p19 + p13 * c4.0367806267378 / p4 / p17 / c0.923825345416554 / p25 - p9 
4060,3.1138496879225332,p15 / p2 * p1 
4061,5.1347122831767855,p23 - c4.789944712465888 + c4.503449077153014 - p33 + p22 
4062,2.250768228833215,p12 + p26 - p25 
4063,7.406041011044709,c1.1362834815658207 - p30 / p14 + p33 - p3 / p33 / c2.6343720153545043 
4064,8.653207708537506,p8 - p21 + p27 + c2.0879491803055963 / p26 
4065,12.105990059621464,c3.9860028381902084 / c4.092628387206137 * p22 / p15 * p8 - p5 / p2 - p10 + p13 + c0.4600016729673878 / p22 - p11 / p24 / p12 / p26 
4066,2.67538860588753,p31 - p11 / p24 
4067,3.478685027715129,p16 + p2 + c1.717503692987548 / p29 - p22 
4068,6.539506787948082,p3 / p15 * c0.3302236950136783 + c0.7994485576787702 / p15 + p22 
4069,3.6712403409536902,p19 + p13 - p14 
4070,10.530337320216484,p28 + p16 - p33 + c3.610196891158344 - c3.8089950330555675 / c0.819155873064713 
4071,2.4120010379724124,c1.1362834815658207 + p25 - p28 / p27 
4072,1.4545235158866405,p32 + p22 / c1.6803935878761962 / c2.925148308955752 * c2.0243804277423623 / c3.7010798974099526 / p2 / c2.081295288922652 
4073,1.4410588432180909,p16 * p28 / p16 
4074,2.999151146913749,p28 + p16 - p33 + c0.819155873064713 * c1.503522362384384 / p9 
4075,46.31030941536326,c2.512675011905225 + c1.5042240945770087 * p31 - c4.099926421589975 + p3 / p17 
4076,9.779043344709972,p12 - c2.0132675833254416 + c3.8088192285188844 / p5 
4077,17.433935440161807,p12 - c2.0132675833254416 + c3.8088192285188844 
4078,27.376961414923134,c2.429250694220142 + p0 / p30 - c3.8955783500045884 + p21 - p31 / p1 + p10 / c2.9142854799526727 - p33 / p34 
4079,3.2713797320397684,p22 / p30 * p22 
4080,11.91579518723151,p0 / p30 - c3.8955783500045884 + p21 - p31 / p1 + c2.9142854799526727 - p33 / p34 
4081,5.81469457987267,p1 + p25 / c0.49672246336088854 - p12 - c0.18700120028976475 * c1.1693766222833113 + p12 - c0.28835116717169373 - p10 - p32 
4082,11.269530568310978,p1 - c0.15800643248834512 / c1.8061687612182515 * c0.1995792406061231 + p2 / p20 
4083,3.1771592624549267,p1 - c0.15800643248834512 / c1.8061687612182515 * p2 / p20 * c3.275193943729296 / c2.017649588474702 
4084,19.564048107020888,p1 - p21 / p1 - p23 / p10 
4085,13.17534232362649,p3 / c0.3302236950136783 - p31 + p32 / p11 * p19 * c2.7783429145790595 * c0.437174714665593 / p29 - c1.054824848000147 * p21 
4086,7.91012020897227,p14 + p16 - p34 
4087,2.549763272616757,p26 + p0 - p13 
4088,2.549763272616757,p26 + p0 - p13 
4089,2.549763272616757,p26 + p0 - p13 
4090,3.055711990659076,c0.15800643248834512 / c1.5229504025301615 + p2 
4091,2.3799561268354035,p21 / p3 - c0.9665499327498039 + p21 - p33 / p20 / c2.518596158282026 / p32 / p18 
4092,5.842176269185775,p5 + c0.49951155038391815 - p20 + p22 / c1.0385741114881268 
4093,3.2648314023890816,p21 + p21 / p20 / c2.518596158282026 / p32 / p18 * p2 
4094,7.048737068110429,p15 - p8 - c3.0703015345070894 / p11 / p22 + p25 
4095,3.363428064998966,p5 + c0.49951155038391815 / c3.3344164802704057 
4096,2.8020298934695336,p5 + c0.49951155038391815 / c3.3344164802704057 / c3.041637305746839 
4097,4.43298080363051,p21 / p20 / p2 / p30 + p1 
4098,3.3575971376098157,p17 + p11 / p34 
4099,2.327817087133096,p7 / p1 * p21 
4100,2.327817087133096,p7 / p1 * p21 
4101,7.753896633250622,c0.9464514960375253 / c1.4151466082181274 + p31 
4102,3.753335600939594,p18 + p27 / p14 
4103,3.753335600939594,p18 + p27 / p14 
4104,2.6561416814461025,p28 - p34 * c2.9537821163925972 / p24 + c2.769306857548181 
4105,3.484356278517056,p12 + p28 / p24 
4106,3.484356278517056,p12 + p28 / p24 
4107,2.8257242760236734,p12 - p2 + p17 
4108,2.314672591923069,p15 - c3.0703015345070894 / p4 / p22 
4109,2.3834103765220744,p15 - c3.0703015345070894 / p4 
4110,3.013212376122824,p15 - c3.0703015345070894 / p4 * c3.0585642269663453 
4111,25.61902551233153,p33 / c1.1872724838161246 + c1.442147698070937 * c1.8726976893979397 - p0 / p19 
4112,2.4057373874658294,p6 / p14 / p2 + p16 
4113,6.11920822023578,c3.7040826143044954 + p9 - p19 - c3.446749825680879 + p23 
4114,2.879052526170155,p13 / p13 * p0 
4115,2.670467763676704,c3.0703015345070894 / p4 * c3.0585642269663453 / p21 + p10 
4116,3.0966223733676923,p16 - c3.55764003879999 + p3 / p13 * c3.349828529826457 
4117,5.1741261881834655,p15 - p19 / p20 / p19 
4118,1.765166980531984,p7 + p31 - p13 
4119,1.765166980531984,p7 + p31 - p13 
4120,10.151108071853862,c2.9019610656928476 / p14 - p11 + p31 + c0.8849719425167996 * p26 
4121,2.582413876352449,c2.9019610656928476 / p14 - p11 + p31 + p26 
4122,4.490504445863896,c0.9464514960375253 / p23 + p27 - p28 + c0.4983998257469785 / c0.9624966424194753 - c1.2568662050922748 + p11 * p13 / p12 
4123,7.420123437369861,c3.7040826143044954 + p9 - p19 - c3.446749825680879 + p23 * p11 / p30 
4124,3.5407378577721604,p23 + p27 - p28 + c0.4983998257469785 / c0.9624966424194753 - c1.2568662050922748 + p13 / p12 - p33 + p33 
4125,25.613763812666978,c2.783856307747251 * p27 - p16 - p13 
4126,17.630978423899844,p31 + p31 + p17 - c2.0237865045161523 / c0.952520375604618 - c2.537644434565709 / p22 + c4.704853785684812 - p11 - p17 
4127,10.208422297968239,p25 + p23 / p11 
4128,10.208422297968239,p25 + p23 / p11 
4129,2.0566352121456912,c1.3359971368648926 * c2.9406867234480956 * p26 / p28 / p19 + p22 
4130,17.26298306704346,c2.361369910107225 / p33 + c2.844732923552008 / p4 * p23 + p0 
4131,3.4579274307711203,p3 / p34 + p30 
4132,26.224501313952242,p12 - c2.389504697539542 + p7 - p34 - p3 + p34 * c4.0704942547143865 / c2.7543864848558366 * p33 / p19 / p34 + p14 
4133,6.615796291525541,c3.446749825680879 + p23 - p11 - c2.8055303508328757 + p30 
4134,12.816648711332046,p26 + c3.2145024461886695 / p20 
4135,3.682138260916401,p3 / p34 + p7 
4136,11.379449030241181,p26 / p0 + p16 
4137,12.816648711332046,p26 + c3.2145024461886695 / p20 
4138,12.816648711332046,p26 + c3.2145024461886695 / p20 
4139,2.3886749531520337,p23 - c2.6203242579592922 * c1.9437865389657016 + c4.9658065866522385 
4140,1.4789957658452737,p15 - p15 + p31 
4141,3.152897599664469,p22 + p8 / p4 
4142,7.537183068338146,p26 / p23 - c1.6148883188902725 + p12 
4143,11.454703282756153,p4 / p29 + p6 
4144,2.861506875229816,c0.9197098447243707 + p12 - p5 / p6 
4145,12.816648711332046,p26 + c3.2145024461886695 / p20 
4146,1.9123171750040233,p26 + c3.2145024461886695 / p20 / p29 
4147,2.310235784068616,p16 - c2.973960278395123 / p4 * c1.0971375071985223 / p0 
4148,2.144689256367004,p7 / p0 * p28 
4149,1.805530755617491,p23 + p3 / p22 / p24 
4150,2.950053033408601,p3 / p24 + p27 
4151,7.84753850027728,p28 + p10 / p9 / p14 * p17 
4152,4.534900026074166,p18 + p11 / p25 - c0.6533187495331827 
4153,2.5875449891026916,p20 - p6 + p13 
4154,8.23629625977885,p20 - p6 + p13 / c1.0767635104298527 
4155,1.6391024615810337,p31 + p32 - p23 
4156,25.561334263881584,c1.128529689782181 / c4.838210944222216 - c2.222777669200697 - c0.13316248537801278 / p19 - c3.9703259758198306 / p32 + p5 / p25 + p2 
4157,3.706627016365966,p6 + p13 - p25 
4158,4.514837492654982,p6 + p13 - p25 - c0.24617290656972102 
4159,3.219534995619105,p7 / p28 * p23 
4160,5.219933760837058,c4.838210944222216 - c2.222777669200697 - c0.13316248537801278 / p19 - c3.9703259758198306 + p5 / p25 + p18 + p30 - p33 - p2 + p12 
4161,2.3209141840779326,p7 * p23 / p17 
4162,2.8794491474289297,p0 - c1.5030433522005264 / p2 / p29 / p31 * p5 / p4 * c4.09151816595598 / p6 
4163,21.667876864404192,p26 + p20 - p7 - p5 / c3.543785314907412 / p3 + c2.249553071264306 
4164,3.7418318021106796,p13 - p33 / p11 + c0.7465392101338314 
4165,5.258907498378272,p13 - p21 / p17 / p30 
4166,10.814301790753865,p22 - c4.571937398588136 / p19 / p31 / p11 + c0.33183066468534195 / p26 - p12 + p21 - p7 + p18 / p26 * p20 + c3.850388122776018 - c4.976555158037739 
4167,2.1024532293907896,p18 - p1 * p27 / c4.670522210792482 / p21 / p10 / c0.1073680321349113 / p34 
4168,5.282108280577244,p21 / p17 / p30 + p13 
4169,6.543955771767298,c2.2602706686569682 + p30 / c3.143908591776039 / c2.3617398532816565 - p6 + p13 * c0.9358636707656676 + p5 - c4.51620421121436 / c2.018472265744114 
4170,11.383925406841215,p12 - p7 - c4.0704942547143865 / p19 + p32 - p30 / p19 + c3.0169446575885583 / p8 * c0.8346166942027627 
4171,3.970190290635705,p22 + c1.4216335979949557 / p30 / p16 
4172,4.59504063273809,p12 - p7 - c4.0704942547143865 / p19 + p32 - p30 / p19 + c3.0169446575885583 / p8 * c0.8346166942027627 * c3.557918811908271 / p9 
4173,3.3188154662656615,p17 + p13 + p30 / p4 - p15 
4174,4.18966022569966,p30 / p19 + p31 
4175,3.3163222849513394,p17 + p30 / p4 
4176,11.99198864442037,p18 * p27 / p8 + p5 + p9 / p14 - c2.453798138868753 / p8 / c3.188255548743343 * p10 - p31 + p32 - p33 - c1.509531986256285 + c2.542267947128769 
4177,2.4275255071024104,p17 + c0.5621653152383138 / c2.338673293532895 / c2.6253695389332767 
4178,2.980225845053463,c3.6689466616724244 / p17 * c0.12387284447749947 + p25 
4179,3.88954105421571,c1.7443357108985098 * p10 / p27 - c2.0272398923073536 - c4.18418542418887 * p7 / p4 / p21 / c1.0972335558453676 / p7 + p18 
4180,6.068348921663055,c3.6689466616724244 * c0.12387284447749947 + p16 
4181,3.2838804720262673,p32 / p21 * p12 
4182,2.9366410348645275,p27 - p31 + p25 
4183,6.068348921663055,c3.6689466616724244 * c0.12387284447749947 + p16 
4184,3.475585417481205,p5 / p26 * p20 
4185,6.232524391984216,p13 - c0.9932442804597275 + p22 / c2.4312477965597385 / p22 / c4.017470170023072 / p11 * c0.9044233110771438 / c3.8223494028267253 / c1.5436313543680953 * p20 * p4 / p2 
4186,2.3242816728627753,p17 + c0.07490812224765997 * p10 / p21 / p15 
4187,4.199706145472814,p15 - c2.0429203243786684 / c2.8820293050266104 / p23 
4188,5.387170659521633,p8 + c1.116855546226034 / c2.6417738117215683 
4189,3.3285217961525935,c0.5172597974366977 - c3.1898522133110454 / p7 / c3.504900406007832 * p21 / p18 / p16 + p32 
4190,4.037734858310923,c0.5172597974366977 - c3.1898522133110454 / p7 / c3.504900406007832 / p18 / p16 + p32 
4191,7.685167779035268,p2 + c2.0340486134451217 / c2.842578800088403 / p22 * p2 
4192,3.593125048515247,p2 + c2.0340486134451217 / c2.842578800088403 / p22 * p1 / c3.6436515513265495 
4193,32.85842543179383,c1.121246271341783 * p21 / p26 + p2 / c1.0154254009498058 - p27 / c1.4553218058584667 / p28 * p5 + c0.3484013217820303 - p0 / c4.727009096203913 / p18 + p22 / c3.252256552888559 
4194,75.72787236942217,c1.121246271341783 * p21 / p26 + p2 / c1.0154254009498058 - p27 / p28 * c0.3484013217820303 - p0 / c4.727009096203913 / p18 + p22 / c3.252256552888559 + c4.2645671146021025 
4195,3.000888109767652,p16 - p2 / p28 + c0.7845242414243275 
4196,23.511965529516846,p31 - p25 / p26 / p25 + c2.6189671785487882 
4197,11.284522014158096,c2.9192471229910835 / p27 + p30 
4198,2.6988410967669854,p0 / p16 / p4 + p7 
4199,3.716832821276337,p0 + p7 - p11 
4200,10.510903294855337,p25 + c3.549424255234117 / p15 * c0.7516328922792281 
4201,3.17839086021663,p16 - p7 / p14 
4202,12.96231370930957,p21 - p13 * c1.0771214294187064 / p5 - c4.723932679873968 / c4.058898128458048 / c4.284420033920158 
4203,5.230651859132717,c1.209511864838206 / p20 + p31 - p1 / p10 
4204,10.244972675740714,c2.7649710811261086 / c3.435726129054646 * c2.8045873634419083 / c2.578310507371628 * p1 - p25 / p26 / p20 + c4.085887392912057 * p11 / p34 
4205,19.14223332135892,p30 + c1.916989038353677 * p22 / p2 
4206,3.6289414235768778,p23 + p6 / p13 / p13 - p21 / p12 / p25 * p18 / c1.4308573023837385 / c3.9849516023912255 
4207,2.3216604790610385,p11 + p27 - p22 
4208,8.299579825463974,p23 + p13 / p13 - p12 / p25 * p18 / p13 / c4.663604314427773 
4209,3.960966722689311,p23 + p13 - p12 / p25 * p18 / p13 * p27 * p2 / p20 
4210,3.4349661975770682,p34 / p29 / p16 * p18 / p19 * p0 + p30 
4211,4.626651215623894,p34 / p29 / p16 * p18 * p0 + p30 / p28 / c3.306266575625221 
4212,4.67488111200902,p11 - p27 + p11 
4213,2.540399404986537,p13 * p7 / p8 
4214,2.9296551769801735,p1 - c1.341385374529892 / c2.9178086783199815 / p34 / p12 / p5 
4215,2.812169338440942,p13 * p7 / p0 
4216,2.1252644114419446,p11 - p5 + p27 
4217,6.2928577463556525,p2 + p23 / c0.7943892311825357 / p3 / p3 
4218,9.830099501231478,p11 - p5 / p21 
4219,1.80807638501151,c2.2875528657345816 * c0.009444129641186794 * c3.6959919251180775 + p30 
4220,1.4410588432180895,p28 / p19 * p19 
4221,3.197513102849204,p0 + c0.9504312569491125 / c2.5323478898097433 / c4.023460947226501 
4222,10.919474523623384,p33 / p3 + c4.034772310779022 / c3.2383700600812295 + p8 - c2.823738103436474 / p20 * c1.9091675223736844 
4223,7.64052445859662,p1 - c1.4498116353905233 + c0.7326364416598918 
4224,3.874959486295735,p7 / p3 + p13 + p25 + c1.1208342465615635 + p2 / c1.1703838937689581 / p18 * c3.3141243430802083 - p22 - c2.6353788463044454 - c2.0761822631190876 
4225,5.624406370957118,p12 - p16 / p28 / p11 
4226,7.613790022089209,p12 - p16 / p11 / p0 - c0.5769937725854934 / p8 
4227,3.3669318467050977,p1 - c0.7326364416598918 + c0.8172417856735525 
4228,5.81259135803067,p21 / p6 / p12 * p0 * p30 + p2 / p32 / p22 
4229,2.9736884086600073,p0 - p22 + p25 
4230,15.382216120366987,p26 + c1.7625024525444755 + p15 - p27 * p34 / p27 / p13 / c1.4449333042202661 / c3.7322762739412063 / p0 + c4.7361764314310815 * c2.3910523568760196 / p30 / p28 - p2 
4231,11.853175500426799,p23 - p20 / p21 + c4.754065151704394 / p11 - p7 - p16 - p23 / p17 * c1.8037075566398297 + p32 + p0 * c2.898621923851345 / p24 + p32 
4232,24.07499619833641,p3 + c1.5211961239777283 + p28 / p7 / c3.1185380005986567 / c0.5281513900259688 + c1.5192346657689555 * p30 / p29 / c1.564317045994374 - c4.597064540276653 / p2 / c3.971240261984401 * p7 / p24 
4233,2.370864183933258,p13 * p30 / p0 
4234,2.6485013020147723,p31 - p28 / p14 
4235,11.000199628623388,p33 + c4.034772310779022 / p20 * c1.4190375731307063 / p17 
4236,1.8142959388417998,p32 / p22 * p27 
4237,2.614769710651546,p23 * p26 / p27 
4238,2.614769710651546,p23 * p26 / p27 
4239,8.455119181521386,p27 + c2.7430618770060233 / p5 / c3.147536914446627 * p31 
4240,1.5065649324959862,c0.07233645778217834 / c3.7532769004036206 + p28 
4241,1.5065649324959862,c0.07233645778217834 / c3.7532769004036206 + p28 
4242,4.126151391432815,c4.366519445521796 + c0.39453409874343925 - c4.433997427296904 + p15 - c0.5217044172901264 / p29 * c3.977885885705799 
4243,2.300221533387052,p33 + c4.034772310779022 / p20 * c1.4190375731307063 / p5 / p20 / c3.881456779144699 
4244,19.388328999678965,p26 - p17 * c1.8330240198541476 / p15 + c2.140648918270483 * c1.7078576301031911 
4245,2.300221533387052,p33 + c4.034772310779022 / p20 * c1.4190375731307063 / p5 / p20 / c3.881456779144699 
4246,2.0525473096975664,p33 + p20 * c1.4190375731307063 / p5 / p20 / c3.881456779144699 
4247,4.435714676978987,p20 * c1.4190375731307063 / p20 / c3.881456779144699 + p12 
4248,2.5931911454239858,p13 * p3 / p7 
4249,2.8992995765075604,p34 - p29 + p32 
4250,4.241537306933582,p23 + p26 + p22 / p10 + c1.286183653476351 - c2.004305411614533 - p20 
4251,1.7476085257210352,p27 * p16 / p18 
4252,29.423297088533083,c2.708821170483649 + c0.6195425435381385 / p5 + p0 
4253,11.896345165073924,p20 / p20 + c4.815713112716499 / p4 + p31 
4254,2.371064688216147,c3.3966050953133387 / p32 * c0.02229156654374065 * c1.5587055858344727 * c1.0293341255767512 + p21 
4255,2.3189952882285687,p20 + p31 - p22 
4256,4.801872860918562,p27 * p16 / p13 - p16 / p26 / p23 / p1 + p21 / p14 
4257,38.77750418616055,p23 / c2.964115791858319 + p17 / c3.8487421133551685 + c2.709934588695183 
4258,3.504773044942929,c0.02229156654374065 * p6 + p5 
4259,3.790540369019577,p0 * p20 / p28 
4260,5.166935038740631,c2.8855004350075375 / p2 / c3.203828003370484 * p7 / p16 * p30 / p20 + p3 
4261,3.553214112739405,p11 + c0.6601842517850837 * c3.1237773896723193 / p31 / p28 / p7 / p6 
4262,7.274969047713732,p18 - p32 - p11 / p10 + p17 / p0 - c0.2166470207956761 - p8 + c0.05897009035670253 + p2 * c0.427729559335403 + p20 * c1.6426787013531623 
4263,15.01080131802029,p1 - c4.046741428989257 / c3.7128573441415638 * c3.273403779440842 + c4.51193883654216 - p33 + p17 + c0.27996425345972353 / c4.858138551474232 / p15 * c0.2355595539223393 - p23 + c0.8107046511433624 / p31 + p3 
4264,6.138848662466287,c2.309002103706284 + c2.0712098082868833 * p27 - c1.116519443667141 - p21 - p6 / p18 * c1.009488810408773 
4265,44.27996939027777,p25 - p0 + p10 - c3.937644871921242 * c1.566920442986151 / p32 / p15 + c0.4388141111889826 * p3 
4266,2.979545161780844,c2.050999689969503 / p2 / p14 + p1 
4267,36.06937388244526,p2 + p2 - p15 + p32 - p29 / p19 * c3.4065637678034544 - p17 
4268,9.927249580811202,p22 + c0.058433291670614285 + c4.473982867599119 / p33 / c4.6986742296212185 * p21 
4269,3.1037437934774665,p20 - p15 * p0 / p2 - c0.5547650847659252 / p24 * p12 + p33 
4270,4.311429168867827,p26 + p18 / p9 
4271,4.311429168867827,p26 + p18 / p9 
4272,2.3148060049042276,p15 + p18 / p4 / p22 
4273,7.556880737337628,p11 + p17 + c1.2446379222159865 / p11 - p32 
4274,28.443703161164276,p33 / p33 / c3.6911033438052883 * p16 + p11 
4275,3.7237892941008948,p15 / p25 * p6 
4276,5.274689945344884,c0.0635388181729013 + p0 / p26 * p21 - p16 * p27 / p10 + p13 
4277,3.527841227323574,p2 / p24 + p33 - c0.18126182898426157 
4278,7.928646775812828,p6 + p0 / p14 + c0.35585703297623394 
4279,2.576064078183375,p25 * p6 / p20 
4280,2.576064078183375,p25 * p6 / p20 
4281,2.576064078183375,p25 * p6 / p20 
4282,31.992427431412736,p29 + p19 / p14 / p8 / p27 * p31 + c2.4456660375177424 - p29 - c4.436234717820035 / p13 + c1.9896772033029686 + p20 
4283,31.84899059497402,c3.039878368884827 * p21 / c4.990295326754928 + c0.7540912162317304 - c2.599744787545613 / p34 / c3.4875972912366064 
4284,1.4789957658452737,p28 * p31 / p28 
4285,4.757699990811438,p13 + c0.8776793328767274 / p31 
4286,6.138117735436687,p11 + p20 / c3.8257545539575983 * c0.5051506558276847 * c1.311870609344294 - p26 / c4.176166090477554 
4287,7.002613826334785,c4.016524506782061 / c4.843623011562517 - p3 + p18 - c2.738074514947474 / p18 + p21 
4288,2.092782362055714,p31 / p27 * p17 
4289,10.494661413019017,p28 - c4.748313299173449 / c4.591804667896616 
4290,41.46597065812467,p21 - c3.020585793627451 - p21 + p0 - c3.144922130335131 / p22 
4291,8.834797562610659,p20 / p20 + p16 + p9 - c4.9339126728313945 / c3.582360718809412 + p11 - p24 - p21 
4292,8.636626204883447,c1.383783375242817 + c4.269092763877428 - c4.875942162499392 * p24 / p9 + p10 
4293,10.171990858763888,p28 - p33 / p28 
4294,11.258330280535953,p16 + p30 / p15 
4295,8.81413625601502,c2.2169898349221366 / p2 + p30 
4296,10.022353081832964,c3.5328833693905866 / c4.2009860851888705 + p1 
4297,5.4804870584914145,p16 + p30 / p15 / p13 
4298,7.133230023084487,p30 - p32 + p11 - c1.4679696585223156 / c3.963528326045142 * p31 / c4.274009615827994 
4299,9.896584658103922,c3.01096725748387 / p18 * p26 / p8 - c2.5995519607556616 / p13 / p28 + p18 - c1.5873634663643188 
4300,2.4904688534207864,p8 + p34 - p34 
4301,2.4904688534207864,p8 + p34 - p34 
4302,6.018391311884503,c1.2601331492554912 / p1 + p15 
4303,2.97682503997025,p1 + p15 / p14 / p9 
4304,16.599157823784957,c2.198926955238021 * p26 / c2.6634377507778453 / p23 * p0 
4305,8.170442354058073,p31 + p9 - p29 - p7 / p19 
4306,4.138400099062426,p8 - p21 / c3.558713899900079 / p31 
4307,3.090281313731367,p28 / c0.9817366569261909 + p26 - p6 
4308,32.83741747677689,c3.01096725748387 * p26 / c2.5995519607556616 / p13 / c0.35488293112806435 + p25 
4309,2.1320278880800974,p13 + p31 * p6 / p16 - p8 + p22 - p6 
4310,50.687130340437015,p27 - c3.5977694065496735 - c1.4132807516541757 
4311,2.282013907498514,c1.034113105974574 / p33 / p12 * c0.24612974414422284 + p18 
4312,2.283761635975045,p2 + p26 - p15 
4313,1.478995765845274,p31 * p9 / p9 
4314,37.807091874354406,c3.1346661718647066 + c3.265913110968104 / c4.938350841687152 / p32 * p7 + p10 
4315,33.66508733387569,c3.1346661718647066 + c3.265913110968104 / c4.938350841687152 / p7 + p10 
4316,2.857188529625529,c4.659048550807877 / p9 * p20 / p26 - p12 / p34 / p33 + p3 
4317,19.58516242328102,p28 / p28 * p23 / c2.548521850634729 * c3.012764413473963 + c0.2883985416314133 / p7 + c2.8572190009973193 - c2.825223919422623 
4318,82.73774643386321,c3.1346661718647066 + c3.265913110968104 / c4.938350841687152 / p7 + p10 - p13 - c0.2961277313138799 / p13 
4319,14.749398102464486,p18 / p26 / p5 * p22 * p28 + c1.5632281371357686 
4320,7.890625017174522,p26 / p5 * p28 + c1.5632281371357686 / p2 
4321,14.284963684786758,p31 + c1.3381527743240906 - c0.2648325920729888 / c4.627781389622811 / p0 / c3.7986171791844314 
4322,2.5781217090437436,p11 - p31 * c2.049741658404476 * c3.670958319461866 / p22 / p15 / p27 * p15 / c3.5255772121704942 / p14 * c4.2321642543460785 
4323,1.922774936508248,p31 - c0.2648325920729888 / p18 
4324,3.943509520824759,p10 - p20 / p20 * p28 / p14 
4325,28.595833382377574,p29 / p27 / p26 / c3.726354688322753 / c3.7969499818381047 + c1.0247515450861973 / c2.6301692577448406 + p32 - p33 / c4.220052994176046 
4326,3.7096488732014223,p25 - c4.474838200428846 / p20 / c3.4670911496472288 * p15 + p28 / p5 
4327,10.09734094220424,p12 / p21 + p25 
4328,2.2001763415153426,p27 / p16 * p26 
4329,3.641539246299618,c1.927997984495307 / c4.516821315836498 + p31 - c1.1902469471632933 / p0 / p28 
4330,18.973491085465312,p29 / p27 / p26 / c3.726354688322753 / c3.7969499818381047 + c1.0247515450861973 + p32 - c4.220052994176046 / p4 
4331,19.654133471335523,p29 / p27 / p26 / c3.726354688322753 / c3.7969499818381047 + c1.0247515450861973 + p32 - c4.220052994176046 / p4 / p14 
4332,2.557355111221689,p10 - c2.251939446694165 / c3.962911959043334 + c2.510051417846635 - c1.9833266908155096 
4333,55.02975470029995,p29 / p27 / p26 / c3.726354688322753 / c3.7969499818381047 + c1.0247515450861973 + p32 - c4.220052994176046 / p4 * c2.2693312692685486 / p30 + p6 / c2.2767090977500892 - p31 
4334,3.070263312267993,p17 + p10 - p1 
4335,39.027296828834494,p6 + c0.9548075048384019 + c1.0950595798903566 - c2.338109468233114 - c1.9516517475712654 + c0.7868415951593477 * p6 / c2.7303594828137285 / c0.6759677858178853 
4336,22.824539873813375,c1.9833266908155096 - c0.1858014456178858 + p26 - p26 * c0.2313795707942201 
4337,11.540322600888189,p6 + p8 * c2.76722509898284 / p20 + c0.5375148087225201 * c1.7558189386492173 + c3.731409236243315 * c3.9064950488962333 / c4.406094561198312 - c3.1037935007251463 * c2.6358522140446534 - c2.121098171860906 / p10 + c2.941646299598278 
4338,4.288636925294631,p13 - p28 / p9 * c1.191734621766225 
4339,5.98395660564526,p9 - p24 + p27 
4340,2.735129406569989,p6 - c4.041821005960777 / p19 / p19 / c1.2912065919224003 
4341,2.7341186103927844,p6 - c4.041821005960777 / p19 / p19 
4342,10.54735918661001,p7 - c1.3208058111284244 + c3.8760608801065994 / c3.862318909847599 * c1.355666745874169 + p13 / p2 
4343,3.0125818642512585,p7 + c1.7365783324655637 - c1.6050390085866821 
4344,3.0125818642512585,p7 + c1.7365783324655637 - c1.6050390085866821 
4345,3.0125818642512585,p7 + c1.7365783324655637 - c1.6050390085866821 
4346,1.7469154249094072,p26 - p16 + p18 
4347,15.750620096451925,p8 + p33 + c0.8076571393951487 - p30 - c1.7795408932891914 / p1 / c0.31040830212186565 
4348,4.854501772891077,p18 + c0.045254623021538376 * p18 
4349,2.3809604375667157,p8 - p30 * p25 / p23 - p17 + p30 + p23 
4350,17.421305019367143,p7 - c1.6050390085866821 - c3.2166610485469787 / p19 / c3.18954143434802 
4351,2.0573057319386834,p25 * p16 / p11 
4352,10.491988643940457,p2 + p29 / p9 * p7 / p27 + p26 * c3.266899023229076 / p8 / p9 / c1.9835741491913872 
4353,30.914301829681605,p11 - c2.1678139267838032 * c1.472253950154685 
4354,47.809777194087275,p13 / p32 - c0.7245661813649967 * p22 + p32 + c2.819653013428601 / c3.3161239478338245 * p10 + p28 / c0.8872748706682049 / c4.424179820281865 
4355,3.1322774028141778,p7 - c3.2166610485469787 / p19 / c3.18954143434802 / c3.1919564678421564 * p21 
4356,2.7301163966095015,p7 - c3.2166610485469787 / p19 / c3.18954143434802 / p21 
4357,28.250075880048982,p13 * c0.7068705270773062 - p5 * p22 / p5 + p10 
4358,28.875838916832553,c4.656709525034171 * p17 - p1 - p30 - p18 - p2 + p22 / c1.3581050410241629 - c1.1960207706227022 
4359,5.252194553267073,p13 * c0.7068705270773062 - p5 * p22 / p5 + p10 / c3.0224516433760726 + p20 
4360,4.998000512560847,p18 + p33 / p16 / p27 
4361,8.664614951203731,c1.8686814405012337 + p30 - c2.926137405729878 / p7 
4362,28.250932944742157,c0.12244481372339688 + p22 + c3.806454074661842 - p28 / p20 
4363,16.71441349527669,c1.4864064138453537 + p22 - p11 + p16 / p29 / p7 * p30 + p18 - p33 + p25 + p16 - p11 
4364,5.28130074663739,p16 / p27 / p0 + p15 
4365,25.608380976765194,p18 - p22 / c3.1741317035391208 / p11 + c2.872062520541224 
4366,2.0432474589406207,p18 - p22 / c3.1741317035391208 / p11 / p14 
4367,3.0607816233549956,p1 - c0.15925753592652858 / c1.4152025480985952 
4368,3.0607816233549956,p1 - c0.15925753592652858 / c1.4152025480985952 
4369,2.1056660230991375,c0.313713908650447 / p21 / p32 + p23 
4370,14.15188920495562,p31 + c2.5274636170736935 / p14 + c1.2717489703781077 
4371,4.593818353528397,p1 - c1.4152025480985952 / c4.034626712616266 
4372,6.630459378618617,p32 * p13 / p16 / p24 * c0.7543683684716135 + p31 / p3 / p15 + p10 + c0.848031459215074 / p5 / p16 * p17 / p24 
4373,7.251162580741459,c2.9243645674333694 - c2.1734500644670938 + p27 
4374,7.251162580741459,c2.9243645674333694 - c2.1734500644670938 + p27 
4375,11.571330940654539,p12 - p8 * p18 / p27 * c2.424833611828543 / p32 / c2.4211178462736815 
4376,13.082883608751466,p2 / p0 - p3 + p3 / c0.545793135368231 + p27 / p34 
4377,2.8195069712315384,p12 - p8 * p18 / p27 * c2.424833611828543 / p32 + c2.4039844418812084 
4378,3.2087595707376444,p27 + p24 - p29 
4379,1.7967742147786299,p18 + p27 - p18 
4380,3.2087595707376444,p27 + p24 - p29 
4381,3.2087595707376444,p27 + p24 - p29 
4382,2.7891449422950276,p8 + p13 - p1 
4383,7.3755891191207805,p25 - c1.0000815656490447 / p8 * p1 / p17 - p2 + p28 / p1 * p27 
4384,7.012504329978843,c1.6405439417193883 - c3.722582779471146 / p23 + p27 
4385,10.655411218378097,p33 / p33 + p10 
4386,5.325837941640163,p12 + p22 - c1.8074122439062563 - p26 + p21 / p27 + c1.234132957978552 
4387,5.9381076000409045,p17 + c0.5522184305526451 * p6 / p2 
4388,4.396083432966325,c1.7270061873860914 / p28 / p1 + p31 
4389,3.7181889511347697,p17 * p6 / p27 
4390,4.396083432966325,c1.7270061873860914 / p28 / p1 + p31 
4391,2.885991237383662,p18 - c0.36612638822717813 / p16 
4392,3.096012942600384,p1 + c0.08915768236261279 / p20 * p8 / p28 
4393,2.9315405436694215,p1 + c0.08915768236261279 / p20 * p8 / p28 / p14 
4394,4.514549941170157,p7 - p16 + p2 
4395,4.481093542875358,p26 - p25 / p5 / p6 
4396,1.9071843408984324,p27 - p11 / p6 / p29 / p27 * p33 
4397,5.588894136112093,p27 + p30 / p12 / c3.1038644169499725 + p14 / p34 / p19 * p25 
4398,2.5311857907164903,p7 * p33 / p28 
4399,1.7950157662014348,p27 + p30 / p14 / p34 / p19 * c0.5936979550069421 * p22 / p20 
4400,24.806800695501206,p8 * c1.2100275691200868 + p11 / c0.572537206891725 / p2 / c4.703831419259842 
4401,3.266546579146718,p27 * p22 / p33 
4402,11.455568524923434,p0 + c2.914743692969559 / c2.739557835621034 
4403,25.478770891478327,c0.04729675320903237 - c2.499675000579496 + p12 
4404,26.355523917692956,p21 + c2.230744219129627 + c0.9336677700824814 / c2.9493554961983506 
4405,14.231896151150151,p30 / p13 * p7 - c1.3146502564156026 
4406,16.861172521680203,p22 / p0 + p15 - p20 / p28 * c2.652622374933401 
4407,11.123388765135116,p17 - p27 / p33 
4408,3.297531300975888,p10 * p6 / p13 
4409,18.9795199970546,p0 / c0.6789468373696367 * c2.8751035967197813 / c4.384196379217054 / p16 + p2 / c1.2927676666889405 - p33 + p16 * p20 / p27 
4410,47.008636407717916,c0.5466954397041246 + p1 + c4.082160651519581 
4411,33.29783524145288,p21 - p3 / p15 - c2.446588989851277 
4412,9.617672680682217,p15 - c2.446588989851277 / p14 / p7 - c0.8922151151334345 
4413,1.5284597547784728,p33 / p28 * p31 
4414,20.401519670718965,p33 - p17 + p32 + c2.0313081214578843 
4415,3.4043771846039204,p0 + c1.1054873056381327 - p22 / p8 
4416,13.609733132425472,p0 + c1.1054873056381327 - p22 / p8 + c4.022862251857475 / p23 - p11 / p11 / p1 
4417,3.0112330317086164,p23 / p0 * p25 
4418,5.275738482722601,p12 + p11 - p12 - p27 * c0.9672049709710778 * c1.1511260236161154 / p1 / p31 * p13 / p16 / p6 * p8 
4419,10.397862572935841,p31 - c3.0526908345146886 + c1.9441997124600423 
4420,10.776288029304473,p28 - p10 * p6 / p18 / p5 - p7 + p32 
4421,6.171920798191014,c4.423552898496361 / p19 + c4.793747001269088 / p22 / c4.306364518658949 + p13 
4422,2.115543229114042,p33 + p1 - p15 
4423,1.8044167481816415,p14 / p24 + p26 - p6 / p5 
4424,2.709519739916461,p16 / c4.865676686941486 / p2 * c0.04218577698810955 + p3 
4425,1.960983442386115,c1.1385984633446145 / c3.1169401533441827 / c3.665344984936097 + p27 
4426,8.165058479369785,c3.1169401533441827 / c3.665344984936097 + p27 
4427,8.165058479369785,c3.1169401533441827 / c3.665344984936097 + p27 
4428,2.300752766140797,p2 - p2 + p17 
4429,2.731795322423532,p12 * p18 / p22 
4430,2.300752766140797,p2 - p2 + p17 
4431,2.300752766140797,p2 - p2 + p17 
4432,62.33414016160867,p28 - p21 / c1.9316653685568181 - p13 / p22 
4433,10.193549802131944,p28 + p1 * p15 / p6 / p13 
4434,10.531526311966882,p8 - p30 * p32 / p25 / p13 
4435,2.5875232045037624,p8 - p30 * p32 / p13 / c4.7798356370728365 / p6 / c4.20721801736679 
4436,20.320414815396457,p23 * c1.8196198827113952 - p13 + p27 / c2.5812626345109093 
4437,4.657207524740192,c0.995668830237853 / p5 + p31 - c0.019946589482611743 * c1.0302110392911212 
4438,10.870271202184927,c2.185137583138355 / c2.955335839458606 - c3.4111061436683645 + c1.6334711425386106 + p15 
4439,11.320613721301376,p12 - p31 / p31 
4440,4.046651455510707,p5 - p15 / p29 
4441,2.398807895090223,p28 - p16 + p30 
4442,3.4861423122112574,p28 + p1 / p29 
4443,18.279914201386493,p18 / p12 + p10 / c0.8772341177717174 - c1.9090065539848626 * c1.8610455849738794 / p21 
4444,2.935266102497386,p9 / p24 * p25 
4445,2.935266102497386,p9 / p24 * p25 
4446,2.9788767433743546,p20 - c0.06718801360016957 * c2.6489457045853158 
4447,1.7602373826741604,p9 * p25 / p9 
4448,42.14445477835938,c4.490853638444504 - p19 - p15 / c3.5518790623727323 + p4 + p32 
4449,2.373910221546248,p9 * p25 / p9 / p8 * p1 
4450,22.47421926891914,p5 - p1 - c1.797172843751596 / p16 / p32 + p7 + c2.715697377244169 
4451,6.025093427429009,p5 - p1 - c1.797172843751596 / p16 / p32 + p7 + c2.715697377244169 / p24 / c3.3774680805193076 
4452,3.6467048865074765,p27 - p33 / p6 + c3.523023156011656 - c2.264473708206406 + c4.014007396601679 / p24 
4453,3.31187375507077,p21 / p31 * p17 + p23 / c3.2545036845856057 / p14 / p20 * c1.9964055522183666 / p12 
4454,12.674201665769564,c3.730020622673504 / c4.315168665049922 * p21 
4455,6.086443018402725,p2 / p18 / p5 * p12 * p1 + p21 - p0 - c3.3270841018317423 / c2.598445701699938 / p31 
4456,2.103786295033603,p15 - p20 + p27 
4457,9.337369643218697,p28 * p20 / p26 * p3 / p20 + p15 - p25 - c1.9790499708073201 / p10 + p11 - p5 
4458,13.470852544273756,p5 + c3.3270841018317423 / p5 
4459,3.8818438126888877,p1 - p27 + p11 / p13 * p18 / p24 / p15 + p17 
4460,6.059618740953372,p20 - p21 + c3.1176618730170116 / p10 * p26 / p3 / c4.197440106341025 + p6 / p12 / p34 / c3.361434499644929 + p5 / p18 * p0 
4461,4.617218286039935,p2 / p33 * p11 + p28 / p14 / p10 / c2.0562567603467556 
4462,16.95740990284027,p20 + c3.890882371725704 / c2.3186206905793427 
4463,3.0411515055968654,p23 / p32 * p26 
4464,9.813799979903424,p27 + c0.3278252585682606 - c0.30047309467396477 + p28 / p13 
4465,1.5612409752751408,p32 + c0.457754956952226 / p32 / p10 / c2.69469904239586 
4466,18.20308174680962,p32 + c0.457754956952226 / p23 + c1.7509478826409302 
4467,2.0048392767032226,p23 + p1 / p30 - p27 / p15 
4468,5.532407452216145,p27 + c0.3278252585682606 / c0.5790381300888692 / p15 * p27 
4469,6.9851062764297795,c3.7607694834807055 * p32 / c2.344076885867276 / p20 / p8 + p18 
4470,10.969948965029884,p26 + p17 / p20 
4471,10.969948965029884,p26 + p17 / p20 
4472,66.8380664776032,p30 / c2.3818450325199185 + c4.407569386763807 - p12 / p24 * c3.588109224678593 - c1.3885683377860103 / p24 / p1 
4473,10.472885327721418,p27 + c1.480167950075348 / p8 * c2.908396108022315 - c0.6464328131918373 - p15 * p25 / c0.7295745374011176 / p8 * c1.5161358223568644 + p33 - c3.129636009378996 / p25 + p31 
4474,2.493694257930603,p8 / p5 - p7 / p22 + p12 
4475,5.256285042493385,p7 + p12 / p3 / p10 
4476,7.877974263026993,c3.7006501243366623 * p2 / p29 / c1.755759854167203 + p1 
4477,20.00593191708725,p13 * c0.15853923232955924 - c3.3058925823356615 / p29 - p30 / p5 - p30 / p8 + c1.115894035773473 * p16 + c3.013322890818249 / p15 
4478,37.99772661207515,p23 * c1.2168167878420184 + c4.459503675993512 / c2.709862507269534 
4479,51.101484325439785,p20 / p26 + p15 - p25 / p5 * p25 / c0.5313265108206733 - p16 - p6 / p19 - p33 + c4.252849100801587 * p0 + c2.0513168486292095 / p25 
4480,42.07805473068618,p16 * p31 / p22 / c1.7820124177342633 
4481,3.322490883729121,p16 * p31 / p22 
4482,3.322490883729121,p16 * p31 / p22 
4483,9.862298278055098,p12 + p2 / p13 
4484,4.435830996976066,p30 + c1.16441357120135 / p29 - p4 / p7 / p14 
4485,1.4401582309250271,p30 + c1.16441357120135 / p4 / p14 / p22 
4486,5.961224928904668,p31 - c0.3914173913879787 - c0.24143322880961382 
4487,3.972054122457232,p13 * p2 / c4.408427716447129 / p25 / p32 / p34 - c0.5170928647842493 + p23 - c3.3903227012742176 + c4.221091047591655 
4488,2.4062609628490876,p22 - c0.14230792171511963 / p18 
4489,14.998305427118453,p22 - c0.14230792171511963 / p18 * p2 * p2 
4490,56.432220538607204,c1.4781344939546004 * p31 - p20 + c2.9319734673272597 / p3 * p27 + c2.236737427139576 / p33 * p12 
4491,2.6912706038620957,c1.7218431021644598 / p29 + p7 
4492,4.683248880293946,p25 - p13 / p1 + p31 / p18 - p20 / p23 / p15 + c1.657061457355569 / c2.1987798037525126 
4493,16.662381439539658,p7 - p25 - c0.9318712288833852 - c0.7015378546773293 + p26 
4494,9.574460908173338,p7 / p32 + p27 
4495,82.40008933710877,p14 - p2 * c4.545103333730846 / p7 * c0.13203604260966062 + c3.4884635144899767 - p9 
4496,15.635083401530697,c4.349332905786372 / c2.419844594698061 + p33 / p9 + p19 - p12 / p11 - p4 + p6 
4497,2.81227276170535,p27 + p28 - p2 
4498,3.5445910873489694,c1.7450895046882415 / c4.732484277178916 * p0 / p2 / p26 + p11 
4499,2.886308597467371,p0 - p0 / p25 / p30 / p29 
4500,10.054803219948553,p11 - p26 / p25 
4501,10.545338712697758,p26 / p25 + p20 
4502,7.659492584159431,c1.3486834543392456 / p11 + p12 / p17 * c0.15687045971838454 + p2 
4503,19.65755152124057,c1.8106481256287603 - p32 * p27 / p15 + p12 + p30 
4504,4.044365562386474,p20 + p20 / p31 * c0.30602739477641083 
4505,24.338949717806894,c1.3924344598565526 - p11 * c0.7306976778565477 + p30 - p12 / p23 / c2.7677492726456796 + p2 / c2.230969010095558 
4506,45.84749388405329,c4.732484277178916 * p0 / p2 / p26 + p11 - c1.3157021868519414 * p20 + p23 + p13 / p27 + c1.7093448719612503 / p12 
4507,12.60499110163873,p19 - p9 + p25 * p23 / p12 / p22 + p2 
4508,17.56900406560798,c1.7703768352111453 - c0.011412299458241626 + c1.8502128765274073 / p24 + p2 
4509,4.657567080839347,c4.443761680623709 * p17 * c0.10941299428086249 + p1 * c0.4706693039727705 
4510,9.497223044823205,p10 - p9 + p29 - c0.14137031563829838 + p33 / p9 
4511,6.262193487223044,c0.8462426120090366 / p33 + p17 - p10 / p27 / p0 * c1.0581271393932778 / p29 / p34 + p15 / c3.447838904422913 / p30 + c4.670698961109146 - c4.709737930222213 
4512,2.687117433767145,p2 / p5 * p22 + c0.3506858696800358 / p14 / p8 
4513,9.184982120159617,p11 * c0.7306976778565477 + p30 / c2.7677492726456796 + p2 / c2.230969010095558 / p31 - p6 / p5 
4514,27.52890242436375,p10 / p13 / c1.3598651819590328 / p22 - p13 * c0.4049873953877936 / c0.726789688608318 / p1 / p5 * p2 - c2.6236823615785383 - p22 + p5 + c0.04180179013193952 + p6 
4515,27.806109030395394,p10 / p13 / c1.3598651819590328 / p22 - p13 / c0.726789688608318 / p1 / p5 * p2 - c2.6236823615785383 - p22 + p5 + c0.04180179013193952 + p6 + c0.7711576204303067 
4516,8.273504991632365,c1.6216142112002578 / p12 - p23 * p31 / p21 / p29 + p11 
4517,18.746484504632367,c0.8462426120090366 / p33 + p17 / p0 / p34 + p15 - c4.709737930222213 * c4.23259047377629 / c3.877605989665343 / c1.628670752456579 / c0.5419444680510294 / p5 
4518,10.90608690997467,p28 / p12 / p19 + p0 + c2.533041443552766 / p1 
4519,6.850999658541898,p22 + c4.937581358361012 - c4.249897860125014 
4520,3.3560024872185825,p5 * c1.3862394959433018 / c3.8038763400213123 / p10 / p32 + p16 
4521,2.55808848671107,p26 / p10 / c4.860159137903436 * p6 / p15 / p15 + p17 
4522,2.8417175927947764,c1.2624863163456639 / p24 + p6 
4523,2.522518974181667,p13 - p1 + p6 
4524,46.579631128144015,c2.421242013918955 / p34 - c4.634786325202851 + p2 
4525,2.291399708767409,p15 + c0.38948335975952375 / p4 / p11 - p32 / p4 / p8 / p13 * p1 / c1.494240069015396 
4526,2.0116765169500646,c1.2624863163456639 / p14 * p33 / c3.013676611274161 + p30 
4527,3.274686019881788,c1.0595312496874931 / c2.7403401440295996 * c2.48821372594733 * p33 / p27 * p1 
4528,60.826032356179326,c3.285856105565364 * p32 * c0.4443672785730163 / c3.6880533876571127 
4529,3.373428942977741,c0.01185785285856944 * c0.020166943169148688 / p33 * p26 - p22 + p26 + p16 - c4.5135409755254425 / p26 / p3 * c0.9304266535751032 / p17 / p9 
4530,5.222338250592743,p33 + p13 / p8 - p15 * c2.6080071781371212 / p7 / p1 
4531,15.959227525671896,p18 - p33 + p32 / p15 - c2.4514897981653947 + p27 
4532,5.114417064979811,p21 / c3.808678384644804 / p27 + p3 + p26 - p17 - c0.7536018949342621 
4533,2.3071000704950833,p33 - p27 / p8 * p6 / p4 * p14 + p27 
4534,3.8892376743619996,p21 + p3 + p17 - p32 - p12 
4535,17.133782538705304,p25 / p2 - c2.037212634171113 + p7 / p30 / p31 / p12 + p30 - c2.9037271394104747 / p9 * p17 
4536,19.009708719656228,p25 / p2 - c2.037212634171113 + p7 / p30 / p31 / p12 + p30 - c2.9037271394104747 / p17 
4537,2.276992083183273,p13 + p20 * c2.5888706241830635 / c1.8027195510348848 / p23 / p9 / p14 
4538,6.281442803064542,p26 * p29 / p34 / p15 / c1.8711237035865336 + p15 
4539,8.235477958989378,p12 - c0.8520114503334536 - p2 + c1.753443012158139 / c1.702834776921189 * p2 
4540,11.309951646491873,p30 + c1.16441357120135 - c0.22584279298765553 + p22 / p26 / p33 / p21 
4541,2.2157795173951262,p30 - c0.22584279298765553 + p22 / p26 / p33 / p21 
4542,9.062603465495823,p15 + c2.1105466311941212 / p7 
4543,12.709824686603424,p15 + c2.1105466311941212 * c2.0920907084820723 / c3.596333894938015 
4544,2.4092318722158783,p15 + c2.1105466311941212 * c3.596333894938015 / p13 / p34 
4545,16.308271113472607,p26 / c4.476814936283514 / p31 / p22 / c4.83346116735262 * p15 / p11 + p31 - c3.5016969197147843 / c2.012339173526012 
4546,3.0722997654482804,p15 + p8 / p23 / c0.8628570422158821 - p1 / p13 
4547,13.201902513171342,c4.476814936283514 / p31 / p22 / c4.83346116735262 * p15 + p31 - c3.5016969197147843 / c2.012339173526012 
4548,23.406401691532253,p25 / p30 + p17 - p32 / p18 / c0.2692638438026529 + p5 / c4.711832635286861 / c1.504965668400589 - c0.08948890685167021 
4549,10.730933252808637,p3 - p16 / p16 + p7 - p7 - p21 / p14 / p2 * c2.5835873004042935 / p23 * c0.14521882478759351 
4550,14.470625385882641,p33 / p4 + p9 - c2.534535775402561 / c1.8919260646596965 * c1.587460897569195 - p24 + p12 / p27 / c1.2390126550355507 + c2.6424030817805884 / c1.2459360180455263 + p13 
4551,15.660727860395173,c2.006574193728147 * p22 - p31 / p4 - p21 + p0 / c4.9609606429082325 - c2.6761862509233945 + c2.674726670199983 / p7 - c0.2614402408995231 / p11 * p30 
4552,82.43492977626296,c1.3786909702930905 * p23 * c0.12738582747041816 
4553,36.081086886932326,p7 / c3.307133744692406 * c3.135776126013882 - c3.0192741576160316 
4554,85.22738548265374,c2.408826074003967 + p3 / p8 - c1.899763704252146 
4555,26.11713638027159,c1.374472353726734 + p6 + p27 / p18 * c1.909655700515886 * c2.3248322802909898 / c3.8623170534076836 
4556,2.704646890074248,p2 - p22 + c0.9655767773610735 * c0.5771427180788974 / p29 + p27 
4557,62.895573034244066,c1.374472353726734 + p18 * c1.909655700515886 / c3.8623170534076836 + c0.24436434987735678 / p20 + p2 
4558,18.420097930382536,p11 + p4 / p9 / c0.5784582977532954 
4559,3.6711100975877238,p30 + p17 - p32 - c1.486489390958217 / p33 / p13 * p7 + p30 / p33 / p11 
4560,11.707793146297817,p30 + p17 / p33 / p13 * p7 + p30 / p33 / p11 / p11 
4561,88.09542116355797,p20 / c4.184780096347363 * c3.022111282502473 - p16 * p4 + p14 * p3 / p7 * p18 
4562,9.657210719613312,p26 - p6 / p20 
4563,29.82450373647991,c0.726789688608318 / p29 + c2.870282513081745 + p1 
4564,21.365763494252064,c3.3730991047405148 / c4.612493390239917 * c2.9948724571395386 + p2 
4565,5.986752445143448,p15 + c3.438309843078808 + p1 + p29 - c1.641268575538658 / c2.5542932646515575 / p11 / p29 * p14 / p4 - p28 - p34 - c2.888703475251911 - c0.9851916039284325 * c0.7424794266845713 
4566,2.6796433131994526,p7 + p30 * p23 / p6 - c2.055367291934478 + c2.116191711539672 - p15 - p0 / p5 + p6 / p32 
4567,7.96862503699993,p7 + c1.8015488219667297 / p20 
4568,10.890197842499525,p20 / p32 + p5 
4569,4.249697243238646,p13 - p25 / p28 / c3.1966095971001076 
4570,32.57475354860439,p5 + p25 / c3.0733785883087847 
4571,9.55772836399734,p0 / p7 / p1 * p33 / p22 * p1 + c2.1433987332834645 - c3.1762925309963674 / c1.3979030260901448 + p15 
4572,11.475428259648277,p5 / p12 + p11 
4573,43.216537283197894,p30 / c3.1630452976864265 - c4.71694544414035 + p3 
4574,3.085301885842442,p11 * p5 / p13 
4575,1.7731340615942504,p30 - c4.71694544414035 / p9 
4576,1.7731340615942504,p30 - c4.71694544414035 / p9 
4577,3.082729644959864,p17 / p4 * p14 
4578,2.0321892846349408,p14 / p14 * p20 
4579,2.0321892846349408,p14 / p14 * p20 
4580,11.264207545381169,p17 / p4 * p14 - p19 / p19 - p28 + p26 
4581,8.185371730348741,p26 / p14 * c2.5129264105032334 + p8 
4582,4.356197845056572,c0.20281832505640918 / c0.771504215465118 + p0 
4583,85.03390864441222,c3.438309843078808 - p22 / p4 
4584,7.335728096234363,p6 + c3.081000216823981 / p21 - c1.714673975911725 
4585,20.31275466837914,p33 - c2.5895292440494537 + p1 / c1.8634016203043364 / p0 
4586,82.23541631523244,p33 - c2.5895292440494537 + p1 / c1.8634016203043364 / p0 + p23 
4587,2.563283215020364,c4.934652137308614 / p3 / p14 + p10 
4588,1.1238888277105645,p33 + c1.8634016203043364 + p23 / p26 / c2.435772700357019 - c2.2440218642537824 
4589,43.17006735115546,p4 + p21 - c3.5998882110344557 / p1 / p11 - c1.3151831429049543 + p13 / c4.176558248924077 - p34 / p7 * p25 
4590,2.5275308932019174,p1 / p24 + p12 - p22 / p24 
4591,20.81652181650587,c0.20281832505640918 * c1.0139982296442724 * p21 + p8 
4592,82.19324523856665,c1.0139982296442724 * p21 + p8 / p10 / c4.871363368660897 - p31 + c3.479942713419502 
4593,2.8791674535999423,p3 / p4 / p6 + p2 
4594,3.827202071659884,p3 / p4 + p2 
4595,3.827202071659884,p3 / p4 + p2 
4596,3.827202071659884,p3 / p4 + p2 
4597,8.401869492727176,p1 - c0.4102919209105471 + c0.029015642090911564 / c4.026248758362694 - p18 / p26 / p33 
4598,4.804574374617286,p29 + p32 / p11 * c0.3574840359167786 / p21 + p2 + p28 - p34 - p21 
4599,47.239977758937854,p2 + p2 / p8 - p32 / p25 - c4.656238514612668 
4600,20.43253984781667,p3 / p26 + p11 / p2 + p0 - p2 + p7 
4601,29.889372151835925,c1.1131460518490721 * c2.986082062305098 / p1 + p27 - c4.080185056318375 
4602,4.331684398741573,p19 + p32 - p29 + c2.800781841509637 * c2.5486089512435894 / p26 / p24 
4603,4.190173068261601,p18 + p21 / p30 * c0.9406120639933169 / c2.9720168633028883 
4604,13.589306976227805,p21 + c1.3409559337273063 / c4.51907386768779 / p13 / c4.44080187708324 + c3.358206917399466 / p26 
4605,11.636965758291568,p18 + p30 * c2.9720168633028883 / p31 / p15 
4606,10.37129916250434,c0.4102919209105471 + p26 - p22 * p23 / p18 + p18 - p12 * p6 / p4 / p34 
4607,11.883544546075008,c4.956163394135697 / p29 + p5 - p0 / p22 - c0.20063736338432336 / p30 * p5 
4608,1.7958040641322166,p27 / p16 + p23 - p27 / p18 
4609,63.878928220342104,p26 / c3.625464653743177 + p32 / p14 * c2.7390082326781533 
4610,11.754741515074587,c1.9484344887463778 / p18 * c2.998231964027405 / p26 + p20 
4611,31.579231766616388,p16 / c3.439401981703249 + p30 * p1 / p26 * p16 / p22 
4612,8.96947083309906,c1.9484344887463778 / c2.1904612347637817 + p21 - p32 / p34 
4613,4.308317016379293,p33 + c0.31930360108131994 - p1 + p21 
4614,46.02579126820602,p26 / p29 / c2.5263798406483424 * c1.595586418139171 * p14 - p23 / p8 
4615,1.0243629664420646,p33 - p8 + p10 
4616,6.192669419563318,p15 + c0.5622761739531063 + p33 - p23 
4617,3.194058259662522,p20 * p0 / p21 
4618,6.7037879125969715,p11 + c3.278099138924308 / p25 - c1.5579909173613127 
4619,8.332307469896968,p11 + c3.278099138924308 - c1.5579909173613127 / p4 / p13 - c4.092637794832284 
4620,4.199768656385149,p5 + p17 / p9 
4621,5.736706210777498,p27 + c2.416774195331819 / p8 - p22 / p2 
4622,1.5262195716142457,p33 * p33 / p30 
4623,8.038215054128974,p28 / p20 / c1.234764690232732 + p31 - p15 / p34 
4624,3.0329347686102937,p26 + p20 - p33 
4625,2.7786987398613032,p33 + c2.6086621399754986 - c2.3709616281286965 
4626,76.09209710642412,p20 - c3.437294161368221 / c1.086327414330857 - p33 * c1.447883653288224 + p15 
4627,18.424115424559258,p27 * p31 / p5 - c2.3158033362215 / p3 + c4.056843983173756 / p9 * c4.868903757766333 * c0.1129655094912646 - p2 / p32 
4628,6.09197927438862,p33 + c1.547382690382746 / p3 
4629,9.035053358352576,p34 - p9 + p20 
4630,13.527371683406674,p30 + c2.629571913820576 - c3.0562118489311403 / p26 - c4.590266545847351 / p1 * p26 / p13 / p23 
4631,3.427762674167852,p23 - p32 + p8 
4632,10.292489689225764,p23 - p15 / p3 
4633,9.748734301812599,c2.779569239654583 * p22 / p19 + p11 + c0.011277330380261574 
4634,5.361302561208801,p31 - p12 / p10 / p18 * c2.548689190717997 / p18 
4635,3.5717215974250873,p21 - c0.2724658465813201 * c1.1215174967158803 
4636,3.3974919218744972,c1.6962327000914894 / c4.373122639113395 / p6 + p16 
4637,7.0678687710457515,p21 - c1.1215174967158803 - c0.9112430338413585 + c2.833990656199774 / c2.1485027101686622 
4638,60.77669955388607,p18 * c0.8588048459590814 - c4.712541724752785 
4639,27.41697399191907,c1.6962327000914894 / p2 + c0.10284702776874544 + p32 - p20 + p32 * c1.2266218738437855 
4640,7.896458821605934,c1.6962327000914894 / p2 + c0.10284702776874544 + p22 
4641,20.39630336934163,p28 - p32 + p1 + c0.3709944652518876 * c1.7850601335692806 * c2.7490594199487113 
4642,22.825991139709704,c1.8889366498696336 + c1.3725205984479527 / p31 + p27 
4643,84.86741639023026,c0.806602222530779 - p0 - c2.5530105343696565 - p14 / p19 / c2.3611593293210085 + c3.7261374519721264 + p15 
4644,25.5098869144328,c0.3754122209036087 * p32 - c4.02996837159421 + p21 / c3.044524919337502 + c2.13468416494971 * c2.5006138244282328 
4645,33.20173780213307,p13 / p3 - p12 / c2.372455835121046 + p26 / p23 - p27 / p11 + p8 + p18 - p12 
4646,11.236165930099796,p3 + c1.9034697385410582 - c1.8139321858672597 / p21 + c0.8651432401393822 - c2.7631345223214376 / c3.112747373766149 * c1.6858075034804954 - c3.127903817804386 / p21 
4647,83.48793266230948,c3.305686214051309 * c3.0309277763632787 / c2.6507246438266914 
4648,13.757230118165264,p33 / c2.555354634961619 * c2.917902841552511 / p0 * p33 - p7 / p24 / c4.457287809631279 
4649,10.963661048809268,p33 / c2.555354634961619 * c2.917902841552511 - p7 / p24 - c0.9103715141121344 
4650,12.415697575275127,p16 - p5 - p20 / p28 - p31 + p3 + p10 * p22 / p11 
4651,3.6533876735643047,p7 + p23 / p34 
4652,1.791621413137092,p20 * p33 / p30 
4653,18.850450298168766,p0 / p22 + p27 + c2.50519081854573 - c1.546187134990558 
4654,18.7970019288045,p1 / c1.1998142788973416 - p7 / p34 
4655,10.672665936358534,p6 / p21 / p25 / p3 * c4.797183435918398 + p11 
4656,21.375526850756035,p28 - p12 - p32 / p11 + c2.6141427257713823 - c1.9831368539567273 - c1.985455890985914 * p17 / p23 + p11 
4657,63.70776249920922,c1.394455823250328 * p1 / c3.8833745686878633 
4658,10.05385966157136,p15 / p15 * p22 - c0.8861960998010715 
4659,34.15203644157345,p1 / c1.1998142788973416 / p10 * p8 * c4.007703389781894 / c2.381265166759653 - p8 / p16 
4660,18.384876002363143,p1 / c1.1998142788973416 / p10 * p8 * c4.007703389781894 / c2.381265166759653 - p8 / p16 * p33 / c4.2263680782842235 
4661,34.17193700124491,p1 / c1.1998142788973416 / p10 * p8 * c4.007703389781894 / c2.381265166759653 - p8 / p16 * p33 / p17 
4662,2.6881604412805102,p12 / p20 * p27 
4663,61.072636954808026,c1.1583584673395415 - p17 / p28 / p4 - c0.33366726762027954 / c3.6601268557378743 / c0.45927497297499953 * p20 / p1 / c1.9095457126425486 + p25 / c3.480496725625104 
4664,43.53342866910051,c3.323218326895555 / p22 - p8 / c3.7457091912396008 + c2.21990011073319 + c1.089855478892875 + p1 
4665,2.5578044123933372,p13 + p27 / p1 + c0.19275944464662298 * c2.2534455507328586 - c1.3217862293891514 
4666,16.92108094660653,c1.1864165039885288 * p23 - p33 / c4.5907630855393835 * c1.6327654544747956 
4667,13.954492402236236,p18 + c4.246697831644488 - c2.8789303996675257 
4668,36.34825830898789,c1.3490148865973473 * p0 * p21 / p18 
4669,8.471809614408981,p1 - c1.6575615876491845 + c4.315416930964512 / p6 
4670,39.03498972543316,c1.6575615876491845 + p6 + c2.1658053934913637 
4671,20.55433702626291,p2 - p6 - c0.09795519740232406 + p8 + p1 / p16 + c0.30164865298494326 - p17 / p2 * p31 + p32 + p25 / p17 
4672,2.9868066467550842,p0 / c1.8557873538045289 / p5 / p34 + p3 + p3 - p0 
4673,7.223422993925939,p23 + p6 - c0.6427757906289011 - p30 
4674,24.039092161083307,p33 + p21 / p21 / c0.4127905041280211 
4675,85.10208071807409,p23 - c0.6427757906289011 + p20 - c3.5549892765034645 
4676,6.701478795070305,c2.930327535915799 / p11 / p5 + p20 
4677,15.873759499833891,c0.45927497297499953 * p1 + p26 / c2.2352682965737154 - p25 + p1 * p7 / c2.337980371016349 / p21 / c1.8372509092070433 + p1 
4678,13.867631954799004,c2.930327535915799 / p13 - c2.3340571300257897 + p27 
4679,27.680296981212273,p17 + c2.601529545736238 - p25 - p5 + c0.4735492241072564 / p8 + p21 + p30 
4680,4.257355329417758,p6 / p4 + p3 
4681,7.844972516045886,p27 + c2.551857927513381 * c0.6786021007154092 - c0.79058562904681 / c0.7352396753533486 + c0.15923561092099692 
4682,3.655094492289615,p6 / p4 + p23 
4683,3.190181840935771,p6 / p4 + p23 - p8 + p7 
4684,10.19664690466605,p25 / p8 + p30 
4685,21.63440968702601,p31 + c1.9399820663888345 * p23 / c0.945879618511285 / p17 
4686,10.540221806614241,p25 / p8 + p15 
4687,36.7213731384909,c0.79058562904681 / c0.15923561092099692 / c4.428833384710549 + p22 - c3.6245981214693943 - p26 / p32 / c2.9124309805234168 / p22 - c0.9673862262107624 
4688,2.294106133475822,p6 - p1 + p20 
4689,3.826011193838472,p13 - p11 / p19 
4690,2.294106133475822,p6 - p1 + p20 
4691,2.7645805145771187,p10 * p7 / p3 
4692,6.428235738717637,c0.17109232991708634 / c3.610588380987723 - c0.5669054527585793 + p16 - p0 + p31 - p30 + c0.9072918048220019 + p13 
4693,22.568444300478784,p10 - p25 / p30 - c4.951177256010689 / p9 - p1 * c4.802202725055966 / p4 + p25 / p24 
4694,10.07126727225211,p6 - p33 / p25 
4695,70.69511941126922,p4 + p23 - c3.695975971707877 / p28 * p27 + c1.536367142531062 + c1.6008819639206568 / c3.026508214562152 - p14 - c4.212539443573586 - c1.2711543683816895 
4696,17.335111699246287,c4.352190477329975 / c2.8447055943386634 / p26 - c3.376187282604077 + p31 + p27 / p2 * p0 / p15 
4697,1.108180440489836,p2 / p12 + p33 - p27 / p30 
4698,2.3389137818029018,p16 + p27 / p29 / p5 / p13 
4699,9.640759740203245,c4.666573567703304 / p7 / p2 + p22 + p13 / p5 / p19 - p17 + p33 
4700,6.8752398420147784,p2 / p33 - p27 / p7 / c3.5186480942279403 + p22 - c0.021722562866816064 * c0.5798450951996142 * c1.4315666987184117 
4701,56.123599493818496,p33 / p26 * p5 + c3.081073296874976 + c1.7527890026678428 + c0.8388645490583024 + c0.4493844561005378 / p28 / p23 
4702,10.614539382644377,p6 - p25 / p31 + p15 - p1 / p28 * p15 + p32 / c0.5159229075517252 / p34 
4703,4.676281896042302,c0.153033610237589 * p3 * c1.4450518734449458 / c4.878118623761446 + p30 
4704,21.57737296809374,p12 * p6 / p5 + p16 / c4.686068778782784 
4705,37.812063387734995,c3.707489518903451 + p16 / p10 * p33 
4706,5.8743610661735595,p6 + p1 / p32 / p16 
4707,11.55754078960093,p6 + p1 / p0 
4708,3.059486249945866,p3 / p19 * p24 
4709,4.105858949250625,p5 - p18 + p5 
4710,17.207139035049053,c1.555739242584146 + p12 - p27 / p12 / p18 + p8 - p26 - c1.0028864814468819 - p0 / p18 * c1.656307458361338 
4711,2.204210929124334,p30 / p2 * p8 
4712,85.27129183245665,c2.7063629669300067 + c1.5679724518287181 * p6 
4713,3.940246700051781,p15 - p26 + p3 
4714,3.406067518506161,p11 / p31 * p22 
4715,2.5242856741360336,p18 * p5 / p13 
4716,36.24390622085226,c4.5565634677411495 * p31 * c0.1406270107380081 + c2.904716527717037 
4717,31.24897613632789,c4.5565634677411495 * c0.1406270107380081 + c2.904716527717037 / c4.679316838412515 * p16 
4718,1.5232983107393006,c4.666573567703304 / p19 / p7 - c3.0731016470111197 / p29 + p30 - p7 / p16 / p4 / p26 
4719,31.1832808050779,p5 - p27 * c1.1008787861749454 + c2.704983440671977 - c3.372435772854078 / p5 + c2.191118454558194 + p5 
4720,9.312839731781644,c4.156339964531604 * p30 / c4.0072160372957475 + p17 - p22 / p32 - p21 
4721,53.33707329549888,p6 / p18 + c0.1061902232252343 * p1 + p21 * p13 / c4.710010360862478 / p19 * p34 / p19 
4722,44.661668825476916,c3.684668285212804 / p22 / p30 - p8 + p24 / p24 / c0.604047621351746 - c3.4241395033595823 * c1.8782754659565475 + c4.683649071532377 - p5 + p23 + c3.912255117519245 + p25 + p10 
4723,17.395696101944676,p22 - p26 + p30 + c1.885617924931375 
4724,12.858055496451746,p18 + p1 / p19 * p34 - p13 * p16 / p1 + p7 / p2 
4725,9.243443538001978,p3 / p11 * c0.36943628327591127 * p20 * c0.3705128874132724 / p30 - p9 / p14 / p10 * p15 + p13 
4726,10.319191253217202,p32 - p27 - c1.4127342944194587 + p33 + c2.4268385064483233 
4727,2.2762126691864055,p10 * p15 / p10 
4728,3.348096725803239,p27 - p32 + p0 
4729,3.348096725803239,p27 - p32 + p0 
4730,65.7851043892304,p2 + p6 - c3.725197343452367 - p17 - c2.991085493293877 * p19 / p14 
4731,68.29779330974355,p12 / p24 * c2.018237996454948 - p30 * c0.8694152092315444 + c1.431210061612889 + p7 
4732,49.274427574213995,p7 / p15 / p13 + c1.4884712369626174 * p22 - p33 + c2.544513470509819 
4733,58.437880387280615,c2.3301696972932917 * c2.704423145737106 - p32 + c2.255489660592596 * p33 + p30 / p4 - p8 / p21 / c0.2911132337441974 
4734,55.65544080827999,c1.4884712369626174 * p22 + c4.613814748590287 / p2 / p17 
4735,1.8515087146176168,p31 - p12 * c0.6436884886814448 / p34 
4736,33.54022397593841,p22 + c2.146079640045127 - p3 / c4.0794064737334885 * c1.1256552195389213 / p29 + p25 * c4.648239653678829 / p14 
4737,23.202270750724377,p31 / c1.1685958273962687 - p17 / p16 
4738,81.98407097199009,c4.08699772833435 - c1.824343342255239 / c2.1850930697236084 
4739,2.691873803282694,c0.001730704514639192 * c0.36891000212190106 + p3 
4740,38.345636642107785,p27 - p32 + p17 - c2.625198508000917 * p2 / c0.45194886489222097 / p23 - p30 / c2.3665376454358 + p25 * c0.1154805996570396 + c0.10500119696124133 * p16 + c4.0067601481346395 
4741,2.2032993173356457,p31 - p11 + p29 * p5 / p34 
4742,2.729524674622912,p2 - p12 + p16 
4743,45.38284589113534,p25 - p13 / c2.992966809201016 - c1.209660850700458 
4744,28.007228864774024,p5 / c3.445518403570311 + p7 
4745,37.25493237107893,p30 / c4.01345563327186 + c0.768546980831542 + p3 - p4 / p4 + c1.4742024037861745 
4746,42.452743660081794,p24 / p9 - p21 / p2 * p32 / p17 + p27 / c0.5178001668329291 / c4.478359572439891 + p15 
4747,55.15297199871505,p26 + c1.498068814702476 * c3.6459263717492933 
4748,5.942911580480353,p3 / p11 * p6 + p14 - p4 
4749,32.52922041412971,c3.7062393064701076 - c0.34576197148020127 + p17 
4750,59.04616888696606,p25 / c1.2780879097182156 * p30 / p24 / p29 + p3 / c4.146003725791613 + p13 / p13 + c1.2895632570676834 / p1 * c0.7034321271220517 
4751,4.464650055589109,c0.34576197148020127 / c1.057970322736883 - p20 / p24 + p28 
4752,20.119152502584832,p5 / c4.9767508825446285 + p12 * p26 / p28 
4753,6.638993179630827,p27 / c2.8260199158067074 / p3 - p27 / p10 * c0.7977859301021561 * c4.513717689466269 / p24 + p23 / c3.7934168108289317 / c0.992503475845326 / p6 + p3 
4754,2.655791021621951,p7 - c2.725184190997542 + c3.605505731480436 * p16 * c0.751817697046035 / p12 
4755,10.686438330221359,c1.2498429585562802 * c4.52874253328654 / c3.1986370434521523 * p7 / p22 - c0.7702098692264708 + p10 
4756,10.021182477695538,c0.9061327752347093 - p14 - p8 * p13 / p28 + p0 - p0 + p19 + p8 + p22 
4757,32.03440367355644,c1.2498429585562802 / c3.1986370434521523 * p7 - c0.7702098692264708 + p0 + c1.0924228095687645 / p2 / p13 / c1.242118108212501 / p14 / p23 
4758,6.06565775537189,c3.1986370434521523 * c0.7702098692264708 + p0 + c1.0924228095687645 / p13 / p14 / p23 - c2.661248748655067 / c1.3324976951212486 
4759,4.293858948286773,p3 * c1.543087615928952 / c1.5231004237724577 + p17 - p32 
4760,1.8311672322896548,p25 * c2.8866954529849087 / c4.422493006007695 / p34 * c0.1927992591717731 + p23 
4761,2.1099951718287095,p15 * p33 / p0 
4762,4.729169325581117,p25 / c4.422493006007695 / p23 + c3.2280624386622203 / p21 / c4.150245903197968 / p7 + p12 
4763,14.046448107385848,p8 * c1.9365696054811177 - p28 - c3.673920127871106 / p10 / p2 * c2.3151640269997813 + p0 / p33 
4764,48.210894800589166,c3.8651979085820494 + p33 + p3 / p33 
4765,12.488420298359273,p27 + p32 * p12 / c2.0280969498054198 / p1 / c4.297617236316819 / c0.8239521744153416 
4766,25.970070308974584,p3 - c2.7210903946226677 / p2 + p26 / c4.422654001308942 + p26 - p22 
4767,12.563924615530025,p10 * c1.2968650416320915 / c4.989081674496019 / p13 + p2 + p25 / p8 
4768,46.855624546136454,p15 * c1.793147789117266 - p2 - c2.749881595104075 
4769,3.776714810875132,p15 - p2 / p24 
4770,11.566991353077775,p15 - p2 / p9 * c3.8027628319321 
4771,24.922016812032933,p7 - p33 + p30 * p30 / p13 / p15 + p6 + c4.179132848035133 * p25 / p5 / c2.991524232641164 
4772,10.321458328851952,p23 + p3 / p15 
4773,10.529258090480848,p18 - p30 / p12 
4774,62.51477509626682,p10 / c2.777925356235269 + p21 - p29 + p29 + c4.826116205235851 - p2 
4775,8.694942219063806,p30 - p26 / p12 * c2.4715626759753055 * c0.3956100332231721 + c1.846208322293978 
4776,9.782257804552929,c4.866200525683128 / p13 - p17 / p17 - p31 / p3 + p18 
4777,12.888626126624631,c4.866200525683128 / p13 - p17 / p3 + p18 + p11 - p30 
4778,2.632271569679281,p23 / c0.829404714908264 / p4 * c0.8161294992742296 / p26 * c0.026722716787572764 * p20 - p23 * p19 / p9 + p13 + p33 
4779,16.96533698726956,p13 - p17 + p11 - c2.1413710776836794 * c1.09306919379861 - p32 / p32 + c0.9885718261442455 * c1.5615342751254169 
4780,13.822746048327023,p22 - c3.43428020253657 / p20 / p28 * p17 - p10 + p28 
4781,2.143634939803772,p21 - c0.5766027718732042 / p3 * c0.3146590316609382 / p20 
4782,4.38936421652138,c0.5766027718732042 / p3 + p6 
4783,4.27163197167345,p6 - p23 + p2 
4784,23.155666605657828,c4.793093668639375 * c2.7850577251679938 / p25 / c2.1812055599280384 + p3 
4785,72.92355964712478,p33 + p30 / c3.275326311634844 - c3.18592826524263 + c4.626432100294785 + p17 * c1.877658278934034 * c2.444273649061701 / p30 - p31 
4786,72.92355964712478,p30 / c3.275326311634844 - c3.18592826524263 + c4.626432100294785 + p17 * c1.877658278934034 * c2.444273649061701 / p30 - p31 + p33 
4787,10.545212911904223,p8 + p2 / p8 
4788,10.545212911904223,p8 + p2 / p8 
4789,27.14953698139896,c2.665451081276305 / p13 * c2.7277298778341286 + p3 
4790,10.542191661799068,c2.665451081276305 / c2.7277298778341286 + p3 
4791,21.323158047805514,p26 + p20 / c4.934244595300548 
4792,64.00538647178826,p27 + c3.8234946388020186 / p1 + p1 * c3.2511399318897882 - p0 * c4.767575276102541 + p5 + p13 
4793,11.075554069431922,c4.782950516084844 / p31 / p21 + p13 + c1.0714521917643471 - c0.9319822770752717 / p10 * p0 
4794,23.02463670711793,c3.9848181172651893 / p33 / p25 + p5 / c1.223306301750745 - c3.3561860443984304 / p0 
4795,3.9580824034596924,p17 / p0 * p12 / p2 * p27 
4796,9.10910316654264,p26 / p1 + c0.9918232698636914 * p27 
4797,25.46586279464143,p22 * c2.657069539599769 / c3.527677594990872 
4798,42.88496608159132,c1.5307642322037174 * c1.0757387773057037 - c0.7961267004521322 + p8 - p17 + c4.641019779967245 / p25 * p17 * p3 - c3.4829622665963504 * p32 + c4.129948177740833 - c2.5254045558040628 
4799,32.725633755435695,c2.908507488943103 / c4.174818235914433 + p22 - p2 - p15 + p21 + p8 + c0.11521552818589076 / p4 / p10 * c2.6021102741425817 * c1.752946276728291 / p21 - c4.068907575665748 
4800,3.658898812759521,p24 * p2 / p34 
4801,77.90642888040054,p12 - p20 / c4.2563993168652905 / c4.2271557349031905 + c4.9827342046905105 + c3.482364897356942 
4802,85.54448887715608,c4.306290764364597 * c2.9446896308031656 + p23 - p5 / p33 + p25 - c3.2554113178871584 - c1.7187698401744327 * p30 
4803,30.080057537802883,p17 + p0 - c4.943126688053397 * p28 / c1.3545088436726123 * p13 / c2.859002842739261 / p32 
4804,50.533381522385554,p0 * c1.3545088436726123 * p13 / c2.859002842739261 / p32 - c2.3110974603816543 + c2.464244150851948 
4805,65.89583731987015,p21 - c0.9928825176989142 - c4.160901382576604 - p13 + p10 - c1.598676692384673 
4806,2.5231177500184563,p5 - p15 / p26 + p32 / p13 
4807,15.917642729288403,c1.759487707339874 * p17 * c0.6655201887771667 
4808,35.81989935081101,p6 + c0.9233095802689734 + p17 / p7 * p6 + p27 + p29 - p33 - p19 + c2.3378792030966618 - p33 + p23 + c4.611786222976301 - p18 - c4.5574260160039035 
4809,49.36138440646333,p21 - c0.9928825176989142 - p13 / c3.7163146116621135 - c1.9307265697349085 + c0.7825021359111145 - c0.6428274491471253 / p22 
4810,17.446142080320616,c4.844882255503185 - c3.0179388153525704 + p27 
4811,36.26937680697338,p6 - p31 + c0.08414202425315265 / c3.983116618521116 - c2.323285798655697 / p1 - c3.0074529494967175 + p3 / p19 + c0.8975050165722392 / c4.711425892303704 / p28 / p15 + p13 
4812,24.14596029350231,c1.7211499500597287 / p15 - c3.26693223432339 + p23 + p11 / p29 
4813,65.86435611301833,p30 * c1.6194893740037053 / c4.744859998655777 
4814,88.05270068021318,c3.8953019150131363 + p16 / p10 
4815,17.245676733732658,c1.8088645733693243 * p26 - p23 
4816,3.3650106366419954,p28 - p22 / p24 
4817,2.822270417438811,p26 - c0.44562292545544335 * c1.3494054560279722 / c2.5455727092846225 
4818,1.793925128647584,p26 - c0.44562292545544335 * c1.3494054560279722 * c0.04538397045845188 / c3.3701325990009674 
4819,1.4448304010061312,p8 / p19 / p19 / c0.08248462821428715 / p19 + p32 
4820,1.799626007038173,p26 - c0.44562292545544335 * c0.04538397045845188 / p4 * c1.7968796701796208 
4821,11.542443557186576,p33 / p7 + p6 
4822,9.826135719833276,p16 / c1.8217287058064962 + p26 / p10 / p34 * c3.1921546256827837 * c1.0562800453703742 * c1.9445954431434704 / p17 - p22 / c2.148766296859061 + p20 
4823,11.38816201601954,p33 / p7 - p32 + p13 + p33 
4824,25.003271522415872,p28 / c0.3801676233153284 / c3.5077413213272863 
4825,12.714398069752624,p6 + c4.488490036846068 / c1.6567138353714679 + p18 - p32 / p7 - c3.1222421062944687 / p18 - p32 / c0.8405121975821656 
4826,81.44574002452688,c3.6179145286905188 - p21 / p0 
4827,9.339394371579585,p27 + p9 + p17 / p19 / p16 * p19 - p9 
4828,9.341754247536766,p27 + p17 / p19 / p16 * p9 
4829,3.0506794802624535,p17 / p19 * p9 
4830,3.0506794802624535,p17 / p19 * p9 
4831,2.3123551628083177,p16 - p12 / p7 * p23 / p12 / p22 / p34 / p12 
4832,43.424688402065996,p16 - p23 / p22 * c4.418774832414244 
4833,2.431154710470088,c3.0858115293449906 / p8 / c4.916770453166791 / c2.1906263907351216 + p25 
4834,9.204914562385374,c3.0858115293449906 / p25 * c0.6894214642883228 + p21 
4835,2.594522107441511,p17 * p15 / p8 
4836,2.3083067170321465,p12 * p32 / p27 
4837,33.192961127097355,p16 / p9 / p21 * c4.066921264617924 / p11 * c0.2572777656586239 * c2.961419375942379 + c1.155138003882461 * p21 - p17 / p21 - c1.7179219919133097 - c2.7125882220417274 / p2 
4838,24.481288035604432,c1.7849816338183206 * p25 / c3.3127786891489426 * c4.1849159011677015 - p11 - p31 + p31 
4839,3.1567150623371494,p11 * p17 / p25 
4840,30.01105498177764,p15 + p18 - c3.29619046210009 - p5 * c0.7848754660364216 
4841,6.168662451236433,c1.8032158853740132 * p1 / p25 / c3.2047773011709193 - p25 / p6 * p33 * c0.7001608035709506 / c4.883173621719314 / p32 / c3.2572820893849497 + p13 
4842,24.689459719000105,p0 - p29 / p34 + p21 / p1 - c2.45213791936949 
4843,38.2659889755741,p28 * c2.791061566564231 / p19 * c4.854431293545771 + p5 - c0.5490649643554169 + c2.722795858402195 / p19 / p9 
4844,4.742297510432338,p26 + p2 / c2.847121991207847 / p11 
4845,6.539321062384761,p26 + c2.847121991207847 / p11 / p11 
4846,8.632814841970493,c0.8007751985074085 + p16 - c0.07473135242922424 * p20 / p3 
4847,3.941755073905464,p22 - p20 / p8 / c4.14130086308151 
4848,3.274653725334338,p26 / p13 * p7 / p32 * p13 
4849,3.1553006995881336,p5 + p20 - p29 * p17 / p24 
4850,34.383986206119886,p18 + c3.823885841510996 + p8 / c1.97312359851753 - p8 + p27 / c3.97602736093614 
4851,2.29958081347849,p32 * p31 * p2 / p32 / p18 
4852,1.7896458769875594,c0.31764821461315373 * p27 / p0 / p14 + p27 
4853,7.605385961800948,p28 - c1.7308063577300365 + c3.571967610475681 / p32 
4854,2.040077456618811,p20 + c0.15123714253727882 * c1.280872910243915 / p29 
4855,2.0738037304941614,p20 + c0.15123714253727882 / p29 * p6 / c1.5973099011500969 
4856,9.639249406330801,p15 - p7 / p22 * c0.5701412994917776 * c1.5921926808486586 
4857,3.252998000241303,c0.15451053091186384 / p10 + p1 
4858,3.252998000241303,c0.15451053091186384 / p10 + p1 
4859,9.792215620985617,p3 + p0 * p27 / p1 / p26 * c2.3089595652231325 / p22 
4860,3.144586147672342,p3 * p27 / p26 
4861,78.30873467168857,p6 - p18 - c4.252123905581692 / p1 - c2.050836094678629 / p19 - c0.5583961458000791 / c1.9533405712034573 / p19 + c0.7516531662753745 - c4.650433270726198 / p10 / p25 * p0 + c4.532387744800607 
4862,4.015932862957635,p10 - p26 / c4.354461305872117 / p5 * c0.5102672105397005 + p5 * p3 / p18 - p3 
4863,25.182477304082667,p6 + p13 / p3 + c4.198276102216088 - c3.497861194368295 + c1.2587401192251835 - c1.7578973258785524 / p26 + c0.07954262070932971 
4864,8.246330174295666,p31 + c0.7435749540082021 - p30 * c1.7160169554233273 / p8 / c1.2901617096488556 / p28 / p29 * p22 
4865,5.1609428008188,p0 / p15 / c1.8559832832279128 + p13 / p31 * p11 - c0.7488995209490235 / p3 
4866,17.0773397361529,c0.7435749540082021 - c1.7160169554233273 / p8 / p29 * p22 - p28 / p5 * p12 + p5 / p28 + p17 + p22 
4867,9.502535908186763,p32 + p11 / p3 - p10 / p4 
4868,3.144605719641062,p15 * p15 / p3 + p21 - p17 
4869,14.780318196766363,c4.318842491428772 - c2.956345389924053 + p16 
4870,1.4363468962536448,p7 - p12 + p33 
4871,3.6966409875489714,p7 - p33 + p27 
4872,8.394848012935837,c4.7392111995100885 / c4.901169559544986 * p2 + p18 - p33 - c0.3362477612779674 
4873,86.05259770803795,c4.7392111995100885 / c4.901169559544986 + p18 - p33 - c0.3362477612779674 + c0.7829838220564528 
4874,3.9652851959231987,p3 - p25 / p21 / p6 / p0 
4875,6.089885470216249,c2.5052319917330528 * c0.6485333987039249 - c0.8885614054084107 * c4.096312974115995 + c1.3630304726421554 * c0.3927151589312994 + c2.3147950852784795 / p32 + p31 
4876,9.86573143191101,c4.748999219301432 * c0.4756383470087411 - c3.561376816037183 * c0.929750316070132 + p31 
4877,7.544154361667703,p1 - p30 + c0.37260465094495987 + p6 
4878,3.4569514449809833,p23 - p26 + p2 
4879,68.65588773055106,p6 - p26 + p11 / c3.2257357959990425 
4880,5.099532355116797,p0 - c0.822425055960257 / p12 
4881,4.06457416283285,p10 / p22 * p5 
4882,8.791031717094935,p0 - c0.822425055960257 - p23 + p21 
4883,43.482140274386204,p5 - c4.370428012248555 * p19 / p4 
4884,5.22725038997952,p26 * c4.571740505469629 / c4.533488946064071 / p25 / p5 - c0.777983123612237 + p32 
4885,4.147022518146197,p26 * c4.571740505469629 / c4.533488946064071 / p25 - c0.777983123612237 + p32 - c1.760618117968518 / p25 / p25 - p32 + p11 
4886,5.022630427540315,c2.089409642775621 / p26 * c0.44193903810600565 + p7 
4887,27.563317746192944,c2.0492906711569274 / p15 + p26 - p13 - c3.6752230163049227 + p1 
4888,10.476709566825356,p22 - c2.971330713875839 / c2.7727044687318343 + c1.6986970551301712 * p28 / c3.5312925640255965 / c2.835879266513999 / p1 * c1.5658555943992631 / p20 * c1.489515321849364 
4889,82.50905137496135,c2.2908961004842547 - p25 * p12 / p17 + p3 / p6 * p15 
4890,61.35472154484379,p22 - c2.7727044687318343 + p28 / c3.5312925640255965 / c1.5658555943992631 * c3.9941784794856536 + c1.7742961783484057 
4891,4.74474109818994,p2 - p15 / p4 
4892,43.385676869514874,p18 + p16 / p10 * c4.317153293773142 
4893,3.918340090426863,p2 / p4 + p13 
4894,44.430689833889026,c0.3344335170975121 - c1.40635681520421 + c3.69407947836395 - p30 / p26 / p10 - c4.249140932869312 / p15 * c3.7590548686709457 + p6 
4895,17.62207954957373,p18 + p16 / p10 + p26 + c0.7296324852901526 - p6 
4896,8.249155414414984,c3.992624486170782 - c2.337345035000959 + p7 / p23 * p6 - p11 / c4.456724286604146 / p33 + p0 - p13 / p8 + p25 / p9 / p13 - p23 
4897,3.427762674167852,p8 + p23 - p32 
4898,44.26191243022439,c4.681213828136864 / p25 / p18 + p12 + c0.4113121356131938 / p23 / c0.6406199330643347 * p28 / c4.680253481642789 / c3.4858532517436074 - p22 / p20 + c4.655357782142457 
4899,15.67131975456495,c1.5159132963897626 - c0.7387627681921421 * c0.9412196787979749 - c3.6223182833463623 + p3 * p0 / p22 - c3.9391318124861483 + c2.1347124501187977 + p0 / p1 * c3.013901091495093 + c0.13075305777495938 
4900,43.99696516552567,c1.5159132963897626 - c0.7387627681921421 * c0.9412196787979749 - c3.6223182833463623 + p3 * p0 / p22 - c3.9391318124861483 + c2.1347124501187977 + p0 / p1 * c0.13075305777495938 / p31 * p21 
4901,2.1138896233850133,p18 + p26 * c0.03136721610173976 / p0 
4902,25.481287138669607,p22 - c4.3475438636416 / c2.439539825724624 - c3.7269504688649375 / p2 / p33 
4903,32.766676725492154,p8 - c2.9873793387014738 + p22 - p18 - c0.38194322674821424 + c0.4259000473802166 * p28 + c1.3577717294683955 + c1.176793994525867 / p32 
4904,22.839409311184053,p18 + c0.03136721610173976 * p27 + p27 / c0.9244188849144963 - p10 / p10 * p5 + c1.277228203827498 
4905,3.01013335592444,p25 / p7 * p16 
4906,5.729046176866475,p6 - c2.684133508149402 / p27 + p3 / p1 + c0.7426711532915059 / p34 / p2 * p19 
4907,2.5553949836067456,p10 * p21 / p18 
4908,2.7047866812619246,p6 - c0.20046061951074057 / c3.6460094122917845 
4909,10.70726420691555,p3 - p23 / p33 
4910,4.211918517232836,p1 - p22 + p16 
4911,2.310701615779778,p22 + p16 - p22 
4912,10.493229820813287,p21 - p15 - c0.16765414323740013 + p20 / p33 + p16 
4913,47.51121097147384,p15 - p20 / p33 * c2.9500204682733666 / p10 - c3.7333236304638984 
4914,4.677119131816161,p22 + p30 - p20 * p28 / p7 - p25 + p7 * p30 / p23 
4915,3.793254620013127,p14 / p9 * p28 + p25 / p19 
4916,3.896607816596979,p5 + c0.4875518734613682 / p32 
4917,2.6967627288052736,p5 + c0.4875518734613682 / p32 / p19 
4918,1.530447208265294,p30 + c4.14002648315972 / p3 / p4 
4919,10.664385221560336,p5 + p17 / p30 
4920,10.664385221560336,p5 + p17 / p30 
4921,10.664385221560336,p5 + p17 / p30 
4922,3.057838260747468,p5 + p30 - p31 
4923,20.855335791586814,p10 + p4 / p4 + c1.0642082855368002 
4924,12.903653105964471,p10 + p4 / p4 - c3.244810245592924 / p26 - p33 / p28 
4925,21.023409119983352,p5 - p31 / p27 - c0.5400659354990023 + p1 / c4.781829822418183 
4926,20.662395718898267,c3.0370351003811042 - p27 / p2 + p5 
4927,3.0118328599534205,p10 - c3.244810245592924 / p4 / c2.5953122140706752 / c2.30023800095743 * p21 
4928,8.908930129381904,c2.6706703194125496 - c1.8319622119283436 + p20 
4929,8.908930129381904,c2.6706703194125496 - c1.8319622119283436 + p20 
4930,2.296699725943976,p1 + p22 - p6 
4931,7.177440571536127,c0.2887107062105987 / p10 / c3.9245143606293347 + p17 - c0.9568286490838251 / p19 + c1.2788414418407816 / p30 + p15 - p28 
4932,30.133563957626837,c2.9908471892076314 * p5 / p22 + p25 
4933,2.388201911147832,p18 - c0.752217718989287 / p13 / c3.907673467114794 
4934,12.244096580285976,p3 + c2.930225425834964 / p27 
4935,13.886438519632115,p8 / c0.3147613363989893 / c2.791509857953166 
4936,74.71462218325662,p34 - p24 + c2.557497825440729 + p16 / p12 * p23 - c0.7556831553866555 * p28 + c3.0942822603152207 
4937,6.695889316401317,p5 / p13 + p16 - p19 * c1.6889264378604552 / c2.874976223576024 / p29 / p0 - c2.1602848232762617 / p25 / p11 
4938,34.03645757151889,c2.553863299011801 + p30 + p12 * c0.24696840185748192 + c2.986202665050071 / p20 + p13 - c0.27605078321112864 - c3.749058334826006 - c0.21551063644732193 / c3.1025735913733636 + c3.7532106526605116 / p15 - p7 
4939,11.268722896099767,p16 + p5 / p15 
4940,73.10324889879297,p18 - c0.752217718989287 / c3.907673467114794 * c0.4764599975956707 - p5 / c1.4809126162888087 - p23 / p14 - p27 * c0.35497347609700747 / c4.683508041256345 / c0.45197088816017916 / p26 
4941,31.089818118991445,c3.7682729689841583 + p18 - c0.6455791309532688 
4942,10.291946946768132,p25 - p15 / p23 
4943,1.8260256962629284,p25 - p15 + p33 
4944,11.26395812153154,p16 + p13 / p15 
4945,26.632477925338215,p26 - p26 * p17 / p11 + p8 + c4.367768930660354 - c4.238401623999289 - p14 * c0.8725594460218883 * c0.04834325644351267 
4946,3.087771144099616,p5 / p0 / c3.381902763291256 / p33 * c0.38752073109088736 / c3.303468663084278 * c4.080231562341707 + p0 - c0.02102158183297953 / p6 / c3.0648013544554664 * p12 * p7 / p9 
4947,9.395268348991907,c3.0341832324906397 / c3.1750075072329764 * p16 - c2.849477584486258 / c4.892382320556711 
4948,31.22094325498398,p26 - p11 + p8 + c4.367768930660354 - c4.238401623999289 - p14 * c0.04834325644351267 
4949,11.939393334358229,p26 - p11 + p8 + c4.367768930660354 - p14 * c0.04834325644351267 
4950,42.811266812642614,c2.596027524699516 / c2.5281327683186943 * c0.6059967286011397 * p13 * p25 / p22 - c0.8354165906769101 + p5 - p21 + c1.013563302097105 / p18 
4951,11.15654694189295,p27 + c0.3960217288611928 - p25 / p29 * c3.4275563323690257 
4952,11.897478350209528,p11 - c0.7811494527084861 + p20 - p26 - c0.32085860816441436 
4953,43.314890531806775,p26 - p11 + p8 + c4.367768930660354 - c0.04834325644351267 / p34 
4954,1.7606766484161491,p26 - p11 + p8 - c0.04834325644351267 / p34 
4955,87.70960234393227,p27 + c3.9741249716132563 - p0 + c0.7094291286776916 
4956,83.5582110131784,c2.4033435336956965 - c0.23679070221372112 - c1.4726903052789635 * p17 / c3.532740997248735 / p18 
4957,4.748786477731746,p0 + c0.7094291286776916 / p30 
4958,4.748786477731746,p0 + c0.7094291286776916 / p30 
4959,79.90367967026123,c2.6011213124241728 - p16 / p23 / p22 
4960,11.371809567336769,p0 / p30 * p23 + p1 / p12 
4961,29.42834207259015,p23 + c3.5223036935132406 + c0.9942738136437684 - c4.3011907012831605 / p22 
4962,2.1089500247295896,p16 / p23 * p28 
4963,2.1089500247295896,p16 / p23 * p28 
4964,1.9871304424617577,p26 + c2.457519249279581 * p30 * c0.7533669129997561 / p22 * c2.9028381005163 / p16 / p34 
4965,3.0395956112238443,p30 * c0.7533669129997561 * c2.9028381005163 / p16 / p34 / c2.3863652388230476 / c2.9138344402251293 + p30 + c0.2298173551709437 
4966,56.706255485439115,c1.6792369935800138 + p16 / c2.6460773141088287 * c4.950872378387503 + p1 / p27 - p2 - p31 * p16 / p6 / c4.735862103662367 + c3.158720050773529 / c1.159708592108738 * c1.5040230682604556 
4967,163.09884135394736,p7 / p10 * p34 / p34 / p9 - p27 - c4.170452019901548 * c4.878966419426484 / c3.131939336038493 + p28 
4968,32.377060725934484,c3.29876533434005 - c3.244926596312581 + p30 + c3.208207407790533 
4969,13.790154090377078,c0.2888085301033505 * p16 * c3.2382865207129004 * c2.363790255355915 / c2.590590850046754 
4970,20.52187613961895,c0.31870393283082443 + c0.26367594470750044 / p5 / c3.12907860865404 + p17 / c1.309402461949976 + c0.09072270331031251 
4971,23.92457737178822,p11 + p33 / p2 / c4.3747282477672975 * p2 
4972,20.247087911317596,c3.8775514447212878 * p28 * c2.0247671237868134 / c0.8923248441247772 / p17 - c4.975571639240515 / p26 - c3.9479005891971717 - c4.1797882443898775 + p30 - p0 / p17 
4973,56.437108869046234,p28 - p4 / c4.283887011317597 / c3.4018534793355353 - c1.0827095134573694 
4974,42.79756353711717,p13 + p25 / c2.3381402259145165 
4975,33.29720556636103,c3.29876533434005 + c3.208207407790533 / p19 + p33 
4976,44.42476952356798,c3.29876533434005 / p19 + p33 / c1.8196561236317743 
4977,64.47129276244307,c3.2382865207129004 + c4.888734720125625 + p31 + c1.8013052632771247 * p22 - p23 * c0.3447475249079085 / p26 - c2.1171212429505326 * p6 / p11 * p21 
4978,78.78613557315856,c3.791555732180636 + c1.9850414618846124 * c4.161004185163148 * p7 / p6 + p13 - c2.3244438528178204 - c1.581205207408144 
4979,2.742778940318916,c4.595942551338562 / p26 / p4 * p10 + p8 
4980,82.54898557913691,c3.2382865207129004 + p31 - c0.3447475249079085 - p11 - p5 / p22 / p16 / p27 * c1.4725938069267397 + c1.316046799087414 
4981,12.73481700517817,p31 - c1.611483723968441 / c3.072056378425602 / p25 + c1.363284075863867 
4982,34.73288721280762,c1.6144054666735101 * c1.4990427231611791 + p2 + p27 / c3.2023748833350107 * c3.0193244045505385 / p34 / p6 + c1.1179914921162388 / p12 * p0 
4983,2.6913321160220756,p13 * p5 / p15 
4984,8.984629635776828,p32 - c0.49580655857539957 - p12 * p30 / p9 / p8 
4985,3.566890911587529,p0 + c1.1326150950321123 / p12 * p16 - p31 / p7 
4986,7.479325391079334,p26 * p26 * c3.138919774378838 / p20 / p6 + p7 - c2.409865696779154 / c0.9807947817975682 
4987,60.50176057587593,c0.3447475249079085 * p2 / c4.317008970410146 - c1.478686203746677 + p17 / c2.14016295154428 
4988,40.309520232466575,p0 + c1.1326150950321123 / p16 * p3 + c1.10054370798571 / p23 / c0.16036462945308583 - p8 / p16 - c2.5500937425206267 + p13 - c3.474648853051312 - c1.7422346843708043 * p31 / c3.894051133098661 
4989,11.16249157360461,p16 + p2 / p25 
4990,2.8926968049649484,p2 / p25 * p23 
4991,99.73535563221851,c1.1315635919319584 / p13 / p2 / p12 / p13 / p7 / p18 
4992,83.39956349672065,c3.742461615626887 + p5 - p23 
4993,36.870774370296864,p31 * c3.5727721137834068 / p30 + p31 
4994,33.818960375794575,c3.742461615626887 + p0 - p27 / p17 / p0 
4995,7.862429020898051,p27 / p30 + p6 - p25 / p10 / p21 
4996,57.22157609956774,p3 / c2.905978774390603 + c0.8442546482329538 
4997,51.42988306832548,c0.7621102571960836 / c4.515152571480723 + p23 - c1.2358288307870575 * c3.5583155697859374 / c0.8209552345580046 + p26 - p16 
4998,8.2765705514369,c4.515152571480723 + p23 - c1.2358288307870575 * c3.5583155697859374 + p26 - p16 * c0.9463930314728514 - p23 - p22 / p27 + p28 
4999,128.0219667103794,c0.5040943174654905 - c4.5407514720401645 * c0.7341386171490749 
5000,4.11588469812831,p11 / p34 + p10 
5001,6.709705930012927,c0.9549822886380244 + c1.0469967405080132 * c2.8927991784729876 - c4.47494990975358 + p2 
5002,68.1270935791207,p32 - p15 - p12 + p6 + c4.369952556553189 / p25 / p22 * c2.9301264560118563 + c0.055636503003443916 + p1 / c2.2771321888739573 - c1.8990790258260604 - p1 / p25 
5003,4.616523634359975,p6 + c1.077259092026529 / p10 / c1.670436926927411 
5004,3.4710260401149147,p0 - c2.1459682901397095 / p26 / p3 / c3.8111978598625478 
5005,40.33905411742334,p1 / c2.57255221131793 + p26 
5006,29.526474259659217,p5 - c1.9348375882066087 * p31 - c3.0538727372525742 + p7 + p13 
5007,15.2228369016816,p23 + c3.9776382997974724 / p7 
5008,39.14898382239279,p6 - p31 + p13 + p32 / p3 + p5 - p7 + p25 / c3.540506543397053 
5009,34.442394642820226,p6 - p31 + p32 + c3.540506543397053 / p7 * p22 
5010,7.6199520199336765,p6 - p31 / p7 + c3.4126503692952346 / p5 
5011,1.780970526213409,p23 * p27 / p22 
5012,81.89977841992098,p16 * c4.556098409943781 * c2.6717072890801505 / p21 / c1.741051436395999 - c3.8221016959784344 
5013,8.982624922982048,p17 / p19 * c2.8669742788025254 + p13 
5014,14.841219045090506,p32 + c2.427668796442446 * c3.0396964976248237 / c4.317515650607783 - c2.815546814181627 - p18 / p27 / p26 * p5 + c0.7522642272393198 * c4.518978361085464 / c4.725863500961985 
5015,7.600730673337532,c1.6169958704646752 / p5 - p32 + p28 + p25 
5016,2.6932416096962943,p5 - c0.9680397289354586 / c4.4573095006245005 / p24 
5017,3.1093370058952727,c2.9374437458296465 / p12 / p11 / p0 / p28 / c3.63407832672586 + p2 
5018,2.347209728109096,p7 - p13 + p25 
5019,10.741550958102032,p8 - p25 / p12 
5020,5.960141951529371,p7 - p28 / p8 / p29 + p22 - p0 + c1.0948998547242677 * c1.4576058365062305 / c2.6899856238142967 / p23 * p16 
5021,25.59952061723215,c3.6859375734006425 - c1.2237965136574758 + p11 
5022,30.307876099272356,p16 / c1.741051436395999 - c1.4629580807651565 / p23 / p10 - c3.656426772952413 * p7 / p12 / p27 + c2.78285411461388 + p1 / p3 
5023,27.924635449117513,p32 + c4.317515650607783 - c2.815546814181627 - p18 / p27 + c0.7522642272393198 / c4.725863500961985 / c0.6600216034490858 * p3 * p5 / p10 
5024,73.74467393817353,p8 - p15 / c2.2583879286888435 + c1.8151904538604806 + p0 
5025,13.237482218319052,c0.24082920942391006 * c3.641697540965775 * p2 
5026,4.770193206451339,p7 - c1.0948998547242677 * p11 + p0 + p30 * c0.07594237788179803 
5027,1.7727507721089952,p27 + p10 / c2.9436891482921452 / c4.488867274952296 * p13 / p4 / c1.2758928280522124 / p24 
5028,6.1390580689780085,c0.24082920942391006 * p1 / c3.500580708257191 + p22 
5029,3.9706777493673253,p7 + c4.365882156354882 - c4.082858227048856 
5030,11.977491828398971,p28 + c1.2553478662078361 + p28 - p26 
5031,10.209923825297063,p23 - c3.0076415293794834 / c3.0327269256991474 
5032,11.900354408869537,p23 - c3.0327269256991474 / p32 
5033,6.756329684829867,p31 - p3 * p24 / p0 / p29 + c0.37927418019444714 + p28 - p3 
5034,10.85877891661303,p7 / p16 + p26 
5035,16.926112650587452,c3.656426772952413 / p0 + p1 / c4.939619778970636 + p6 - p18 - c3.146763011841708 + p10 
5036,2.420410527350706,c2.7150548737609266 - c1.9394910384209085 - c1.7352136207973223 + p13 + p4 / p34 
5037,3.541259449875974,p2 + c0.19892375697805387 * p27 / p20 
5038,4.355489653623914,p2 - c0.25759058187821926 + p21 / p4 / c3.803083827116753 
5039,23.048433399904805,c3.656426772952413 / p0 / c4.939619778970636 + p18 - c3.146763011841708 + p10 / c0.2930363072988168 + p33 + c3.145028977889651 - c4.230813921061236 * p18 + c0.207497751363096 
5040,2.4008706484816367,p20 * p31 / p5 
5041,47.33103891791996,c2.815546814181627 / p27 + c0.7522642272393198 / c4.725863500961985 / p3 * p5 / c1.1979459645022317 * p21 + c1.5845803673739944 + c0.9274373915084144 + p22 
5042,3.811554396171989,p22 + c0.7101873274074411 / p10 
5043,14.514852093073216,p11 * p22 / p0 - c1.3770472624871655 - p8 + p18 
5044,2.3474970658538714,p17 * p18 / p15 
5045,7.360904424696367,p26 + p28 - p5 - p0 / p3 * c2.6783635225137243 + p11 / p18 + c2.7741560312531983 / p5 * p25 / p23 
5046,2.5612013761814096,p14 * p27 / p24 
5047,16.68688755843854,p22 / p2 / p8 * c3.64931751228329 - c1.3859291116377759 + c1.7159459160032386 - p13 / p20 * p6 + p2 + p7 
5048,45.2352175634117,p34 * c0.09014822518115251 - c2.3539164542350073 + c0.5760721874299518 / c0.7343015523307334 + p15 
5049,49.81581402758059,p21 + p18 + c4.745411453270785 - c0.6365361171733885 / p25 * c2.6864867694808914 / p23 / p14 - c1.4400432117621742 * p23 
5050,89.12766853929102,c2.928854317412977 / p11 * c3.9487612123941718 / p6 + c4.9460258386783496 - c4.025042387435736 / p1 + p23 - p30 - c2.815427346805193 
5051,16.49175745857992,p26 + p0 / p16 * p2 / c0.22652251797081635 / p1 / p28 
5052,2.814240914769456,p27 / p21 * p8 
5053,9.41336194035509,c4.399944175249603 / c4.930930688111904 + p18 
5054,13.258041126647777,p17 * p7 / p0 - p25 / p30 / p20 - c4.215650699860353 / p15 + c0.9997154644867356 / p18 / p9 * c3.7603344039960285 + p14 / p24 
5055,2.37538574841687,p17 - p2 + p28 
5056,46.340425653186315,c1.4719224632120103 * p2 + c3.556001103698257 / p34 
5057,2.4339722436751705,p17 * p7 / p0 / c4.215650699860353 / p14 / p24 / p24 * p34 * p11 / p32 + p32 + c4.518367949105809 / c4.152264366302751 / c4.964831101383396 
5058,4.591028903385376,p5 - p2 / p5 * p20 + p31 / c2.0136339446149276 / p0 + p20 - c0.6675749920571267 / p26 
5059,2.761939828182886,p8 + p9 * c0.28712815631603217 / p32 / p21 / p14 
5060,14.421508777313555,c0.4060684163515582 * c2.995427951701895 / p26 * p21 + p18 - p18 - c0.3404458525855808 * p25 * c0.0618346805297032 - c3.0598725652579613 / p20 - c1.3442380228619517 + p23 
5061,97.77967594217043,p32 / p3 / c4.409250111880497 
5062,45.967908203850826,c3.1478841514240847 + p26 / p32 + p24 / p29 / p11 + p6 
5063,37.68555927819092,p32 * c0.4750267068325481 - p26 / p0 + p17 
5064,45.95813433843121,p12 / c2.1539978123666175 + p23 
5065,11.15936306139594,p12 / p23 + p16 
5066,21.695626040624166,c2.309992851956493 + c2.355319051638733 + p18 + c1.7274482957919801 / p6 * p20 - c4.208082700856203 
5067,37.414949488791365,c2.309992851956493 + p18 + c1.7274482957919801 / p6 * p20 - c4.208082700856203 / p19 * p10 
5068,29.78992636383721,c2.309992851956493 + p18 + c1.7274482957919801 / p6 - c4.208082700856203 / p19 * p31 
5069,45.97309222856281,c1.6568702137637032 + c4.711462606907669 / c2.96487637811544 / c3.4938803458204775 * p2 + c0.4395202718071384 
5070,81.61502667197674,p18 + c4.745411453270785 / p23 + c2.6972262614625158 / p2 + p27 + c3.026898681162619 / p3 / c0.5239654536576871 - p5 + c3.592747159055633 
5071,14.917008397078815,p27 - p13 - c0.2937455156695201 - c1.3024019974432788 - p15 + p5 * p16 / p7 + p16 
5072,35.19456648959623,p31 - c0.35860049672524374 * p6 
5073,14.941586366273343,c0.8365762286020223 / c2.989856245966187 / p0 * p21 - p20 / p9 + c3.9670614495078302 + p17 - c2.6139703563510057 
5074,20.651911503541925,p1 / p5 + p18 + c0.543401042551443 + p20 - p25 * c1.2072131515521094 
5075,27.377634138962954,p11 * c0.8191408868525518 - p26 / p7 
5076,28.435188627863482,p11 * c0.8191408868525518 - p26 / p7 - p13 + p2 
5077,28.90381947550662,c2.318786881826683 / p33 * c1.0355652753389022 / c0.6683771804015098 / p7 * p26 / c1.688635077665246 * c0.3180109759986427 / p3 + p19 - p19 + p33 - p18 / c3.3196557513916662 
5078,72.83602634900191,c3.259823446635695 * c2.6027707045390134 * c2.5988227732020315 / c4.1495892131329875 + c1.7703145556679734 * c2.2619130355517387 + p27 + c3.1778339272448934 - c2.8831206517272023 / c0.47637108007054896 + p8 / p17 
5079,111.63703623861787,c2.5990163063689007 - p22 / p1 - c3.3786893916379968 + c3.733853043353948 * c0.41727030655974606 - p7 / p21 
5080,56.667395459188484,c4.121411561754984 - c2.6084670183565652 / p12 / c4.14496772288019 / p25 + p27 / c2.4662327662770895 
5081,3.268976575395996,c2.318786881826683 / p33 * c0.6683771804015098 / p3 + p18 + c3.476781865334353 / c4.950481763379868 - p31 / p31 
5082,13.239350020201812,c1.3223023027909502 + p27 + p1 - p26 
5083,2.963834551552734,c1.3223023027909502 + p27 + p1 - p12 - c1.221339802205832 
5084,6.880734383516216,c4.121411561754984 / p16 / p27 * c0.7267157939271573 + p20 
5085,36.560151937674625,p9 + c1.33678781741843 * p17 * c1.24960288812693 + c2.1051822806177323 + p33 / p17 - p20 / p30 / c2.6437262496004577 / c2.019386126236844 - p3 - p5 + p30 - p14 
5086,50.08695182422388,c2.657625434734185 + p26 + c2.2924489623433404 
5087,4.514549941170157,p2 - p16 + p7 
5088,4.514549941170157,p2 - p16 + p7 
5089,28.524897222853923,p18 + p3 - p15 - p0 + p23 * p11 / p26 - p1 / c3.2707583035064562 / p27 * p20 + p18 / p3 / c1.0537460244087677 / p11 
5090,45.07627927328121,p22 - c4.54253370539465 + p7 / p9 + p6 / c4.4253968385200935 - p2 * c0.9066159155817444 + p1 
5091,11.759541484642554,p8 / p21 / p31 + p27 + c0.7307343505385572 + c0.13722969101693516 / p22 * p22 
5092,16.911012450969064,p25 / p29 / p22 * c0.525797161675704 * p21 / p11 + p17 - c1.592835140989175 
5093,2.7313352137748623,p13 * p0 / p10 
5094,1.5072610291417239,p33 / p28 * p27 
5095,16.576568802859644,p13 + c1.693955398627246 + c2.479158719700876 + c2.4416710018120273 * c1.825636203996962 - c4.549005924065076 - c2.451410341588562 
5096,59.133519285173705,p31 * c3.1753891278230144 / c4.781749832680833 / p13 / p0 + p20 - c2.170255259798491 - p4 / p14 * c1.506602838083635 * c2.679155512221007 
5097,2.6890766210091375,p33 - p33 + p5 
5098,24.796876118748976,p13 - c2.43147736037896 * p3 * c2.2624734699023796 / p26 / c3.9245189155493576 + p15 - p1 - p15 / p6 
5099,10.347300960626828,c2.0706827110591863 * p16 - p22 
5100,39.583916254197774,p13 / p0 + p20 - c2.170255259798491 - p4 / p14 * c2.679155512221007 / c3.9400501652504505 * p26 - p5 / p18 / p30 * c2.884733824851799 * p10 + p5 
5101,17.99221598402607,c2.0706827110591863 * p16 - p6 - c2.1280533558319648 
5102,12.220768938472482,p8 / p5 - p2 + p25 + p31 
5103,14.863339884511156,c3.761677438985328 / p4 + c1.2357599205791658 / c2.6043878100432885 - p33 + p10 - c1.8563581129757862 + p22 
5104,77.29376835347381,c2.342153095778339 * c3.1994628466320436 * p18 / p24 
5105,57.74364177081828,c3.761677438985328 + c1.2357599205791658 / c2.6043878100432885 + p10 - c1.8563581129757862 + p22 / c0.28739712676200513 / p33 
5106,57.364787247164465,c3.761677438985328 + c1.2357599205791658 / c2.6043878100432885 + p10 - c1.8563581129757862 + p22 / c0.28739712676200513 / p33 / p30 * p22 
5107,81.58053730597604,c0.25804069496121906 * c1.2528728704097924 + c2.0044672042526983 
5108,12.32023065060733,p33 + p14 + p14 / p4 - p4 
5109,10.307800911476429,p30 + p31 / p20 
5110,6.1436660217528045,c2.6706265908258233 + p13 + p5 / p8 / p20 - c3.5801086654751515 
5111,40.499484048633235,p20 + p25 * c2.7926486509205644 / c0.6936598007666656 / p2 
5112,8.658707424434708,p2 / p5 - p20 / c2.295583748564456 / c0.6981740402560627 * p14 / p14 / p30 / p7 + p31 
5113,17.309351977215147,c0.6832827741412206 + p29 - p17 / p26 - p4 + p8 + c1.0906945297364286 + p20 - c1.8942553997754064 - p28 
5114,2.9751415982792615,p27 + p6 / p9 
5115,3.412518879653033,p1 * p11 / p16 
5116,82.37658330294055,c2.863016598686354 / c1.5903599605701757 * c3.755057886944738 + p15 / c4.83183826872691 
5117,3.125865927985865,p3 - p16 / p34 / p7 - c1.9556311790357006 + c2.0830752018179117 
5118,3.321200515145401,p25 + p31 * p16 / p8 - p6 
5119,8.664706970700994,p28 - c4.1111296042451455 - c3.8659947405111343 + c4.0921902604743705 - c1.7386547716194778 + c4.579383050591418 + c0.10959341529923172 * c4.991132213509427 / p20 
5120,3.11012687038695,p1 / p10 / p20 / p6 - p33 / c3.6732824824880055 / p24 + p28 
5121,2.302908906352978,p20 + c4.748665579433636 / p24 * p32 / p6 
5122,2.1088714334372574,p20 + c4.748665579433636 / p24 / p6 * p27 / p0 
5123,7.2928059507362795,p0 - c2.268566681836571 * p7 / p29 
5124,83.04051045498454,c3.647438583853291 * p33 / p30 * p20 / p3 
5125,27.286680069478447,p0 - c2.268566681836571 + c4.98224787473198 
5126,2.879777442759147,p1 - c4.089741960141326 / p29 
5127,7.9449281667687925,p1 - c4.089741960141326 / p29 + c2.299191688618011 * c0.1296411818541776 + p11 / p8 / p23 
5128,3.074372726458215,p0 + c4.1180935546752915 / p19 
5129,64.26986824279463,p28 / c3.003122077091488 + c0.23921196736374606 * p26 / p22 
5130,1.120777993416451,p33 + c0.09633803222919568 * p11 / p12 / p6 / p22 
5131,88.04321678840444,c4.775820204179649 + p5 / p31 * p18 - p8 
5132,5.317158348167981,c1.830188600999985 - c1.4719130718424045 + p11 
5133,9.479026376643846,c3.276294281041927 - c3.7039312418025334 / p13 + p27 - p29 * p28 / p17 / p24 
5134,4.969032563570634,p27 * c4.025351462249893 / p11 * p25 * c0.2643428400522774 
5135,11.438398068898891,p6 + p11 / p6 
5136,6.269136804328654,p8 / p32 / p15 / p0 * c4.285624845379 / p16 + p10 
5137,3.2550772625592272,p23 / p31 * p22 
5138,80.36758987209247,c0.09633803222919568 * c2.8515593056131334 + p7 * c1.7950303207060325 
5139,59.27704801224313,p15 + c3.1627324738349047 / p33 / p29 * c2.4536623254516794 - c0.7255763175473567 * p13 + p16 / c1.4343527292109752 / p14 * p31 * c3.3436521677834263 / p14 
5140,2.4524512221842425,p15 + c3.1627324738349047 / p33 / p29 * c2.4536623254516794 - c0.7255763175473567 * p13 / p14 * c3.3436521677834263 / p19 
5141,2.805600448929708,p15 + c3.1627324738349047 / p29 * c2.4536623254516794 - c0.7255763175473567 * p13 / p14 * c3.3436521677834263 / p19 * c4.064473344992809 / c1.8648574017928388 
5142,81.4760065190784,p15 + c2.4536623254516794 - c0.7255763175473567 * p13 / c3.3436521677834263 / p19 / c1.8648574017928388 / p0 / p7 - p8 
5143,2.4432510866450636,c4.720925366645809 / p14 / c3.326763657018312 + p16 
5144,82.86758736808504,p25 - c3.7826305300979826 + p3 * p17 / p20 
5145,83.03759298565686,c3.647438583853291 - c0.11578989901366965 / p3 / p10 / p31 / p24 / c1.8125922935462597 * p11 
5146,2.0605379657984746,c3.1818302822608038 / p4 / p19 + p22 
5147,39.04443669064195,p31 + p31 / c1.5865489012812217 - p0 - c3.7232611924127763 / p7 / p12 / p20 
5148,16.035125032291397,c3.7232611924127763 / c2.5085523035931443 + p11 
5149,11.352446338680311,p26 + c2.797090278749806 / p0 
5150,78.64096505314731,c3.4455824956291092 + p26 / p9 - p6 / p7 
5151,2.8929219804306148,p10 / p24 / p4 + p0 
5152,34.31081797875498,p30 - p2 / c3.4393392427012444 + c3.376914921891218 
5153,6.4470982444870275,c3.3436521677834263 - c4.34769823533152 + p26 / p34 + c0.015641878870091275 * c3.322710015275132 / p33 - p1 + p25 + p8 / p2 / p6 + p10 
5154,5.207920864591087,p8 + p31 - p34 / p17 / p8 / c4.168122576520364 * p17 / p7 / p30 / p34 + c0.38896072887216304 - p23 
5155,12.695109369077628,p33 - c1.3567676340765533 - p7 + p26 
5156,10.079975128496855,p7 + p8 / p0 
5157,38.646331205706254,p6 / p23 - c3.484838991481978 * c2.473025667078592 / c4.845403924744799 + c1.4066331886603434 + p20 / c2.83076896396505 + p0 + c3.335608043080251 - c3.6453788000471974 
5158,18.593528641161903,p11 / p10 * p28 * p8 * c1.1053685104333293 / p2 - c2.0876879929267336 
5159,23.28606165727523,p13 - p33 * p3 / c3.1191748993745847 / c2.654047058898883 / p4 - p32 / p14 
5160,9.677693908179634,p11 / p29 - p25 / p12 + p30 
5161,2.5128635670704287,p10 - p18 / p18 / p24 
5162,96.47041231026857,p18 / p10 / p15 
5163,70.47083079146714,p29 + p8 - p14 - p12 + p22 * c0.6414902747075368 - c3.4281406439513216 
5164,26.21566243601821,p27 - c1.0681165893101352 + p22 / p30 - c0.7408655036197581 / c4.241822583518417 * p26 * c1.3811384641427642 
5165,82.1788329062287,p33 - p8 - p22 + p6 + p25 / c2.0265577031923536 / p18 + p20 / p17 + c2.2594783300339194 
5166,4.191782751834007,p21 - p27 + p1 
5167,1.834422002300625,p27 - c2.6540441581091736 / p6 / p34 * p21 / c4.099277097451145 * c3.5911698326323 / p5 / p11 
5168,38.81751704127476,p15 - c1.0293372071221967 + p20 * c0.47291237643322437 
5169,16.19569044760745,c1.7020371302494985 * c1.330641551835542 / p5 * p3 + p1 - c3.9130502134598757 
5170,2.975314322074486,c0.1679256538952284 * c1.876538524094824 / p18 + p13 
5171,89.96830399269366,p21 / p34 / p20 * p19 
5172,2.70877517749262,p7 + p13 - p13 
5173,34.99267096189368,p6 + c1.717738367650528 + c1.1169784932820863 * c4.4789598889605164 - c2.2857032267445336 * c4.516966589551684 
5174,67.05992328337338,c1.0293372071221967 * p25 * p10 / c2.7679394565676674 / p7 - c2.924197073511001 / c1.1773264710403553 * c0.18940519011736767 
5175,31.9916327480726,c4.210145615295405 - p3 / p15 + p13 
5176,22.82984525107655,c1.0293372071221967 * p25 * c2.7679394565676674 / p7 - c2.924197073511001 / c1.1773264710403553 * c0.18940519011736767 * c3.5757605812732267 / p20 * p5 / p32 + p8 
5177,26.937467798192706,p5 + p23 * p13 / c3.7205232362816987 / p33 
5178,1.8405699000940592,p33 * p17 / p25 
5179,9.15986440824464,p12 - p20 + p28 + c4.444108121574456 / c4.723247129023713 
5180,40.00382609831921,p27 - c4.022113994424749 + p30 - p7 
5181,22.49487866558598,p18 - c0.5469080819554162 - c3.412023578994696 + c2.2117623180011368 * c1.5632691509258623 + c2.7468950689149234 + p25 / p9 / c4.741684601460902 / c4.204348942941005 / p6 
5182,34.0100971789912,c0.5469080819554162 - c3.412023578994696 + c2.2117623180011368 * c1.5632691509258623 + c2.7468950689149234 + p25 / c4.741684601460902 / p6 + p2 * p5 / p11 
5183,38.92661282218952,p26 - p12 + p6 + c3.569782180125655 + p4 / p30 / c4.62704730410849 / c0.9311187045522767 / p29 * p2 / p30 / p33 * p15 / p32 
5184,96.75538321917135,p27 + p30 - p7 / c1.7107069576044176 / c2.591066729970433 / p25 
5185,44.968606256246034,p31 + p25 / c3.909164860743571 / c3.8324394999399862 / c1.0293579836858164 / p12 / c2.3141849974813393 * c4.656369104454346 * c4.011174872937604 * p23 - p27 
5186,2.172118399930963,p26 - p4 / p30 / c0.9311187045522767 / p29 * p2 / p30 / p33 * p15 / c4.303457462586853 
5187,1.1799150551388387,p4 / p30 / c0.9311187045522767 / p29 * p2 / p30 / p33 * p15 / c4.303457462586853 / p8 / p31 + p33 
5188,99.11671995059311,c4.680634852642242 / p34 - p32 + p22 
5189,26.313484768480016,p31 / c3.909164860743571 / c1.0293579836858164 / p12 * c4.656369104454346 * p23 - c2.140852999400265 / p13 * p12 - p4 / p9 + c0.18608927589298163 * c1.3936614286857356 / p8 
5190,6.618765699213701,p0 - p20 + p5 + c0.41876194401108957 
5191,86.23711592033395,p0 + p5 + c0.41876194401108957 - p26 * c1.7993092404554611 / p33 
5192,78.96974371568545,c2.166296705071957 + c2.574532133725074 * p5 - p23 
5193,10.132440558133254,c2.166296705071957 + p5 - c3.10439644330659 
5194,98.36284252696657,p31 / p16 - c0.8446516512851698 / p23 * p7 
5195,11.011031399649358,p31 + p6 * p7 / p3 / p25 
5196,81.69933452293509,p16 + c4.014056053626946 + c0.037241275841618515 * c1.1499628279431713 / c4.647416980985351 + c1.0865469878814342 - p11 - c4.052589849378251 + c1.1852715091809096 
5197,47.90906430465921,p31 + p7 * c0.47351028823725994 
5198,7.0859785051280415,c1.2956844301419057 - p15 - c2.1468985522348594 / p11 + p28 + p1 
5199,34.99701673913146,c3.909164860743571 + c2.3338022891681742 / c3.895416517690487 - p8 / p6 / p2 * p17 + p20 
5200,6.843224579606224,p28 - c2.71955530558715 / p5 / p31 * p32 + p18 + p15 + c2.9403800742394752 / p30 - c4.238446132713062 / c2.028795839368298 * p12 - p8 + p3 
5201,2.787679964614876,p26 - p29 / p4 / c4.326801731824666 
5202,2.804506137106846,p27 / p5 * p30 
5203,47.356500089830696,p22 + p28 + p7 * c0.47850267983585326 - p7 
5204,39.20632225358137,p26 - c4.326801731824666 * p33 / p2 + c3.7556596192177056 / p8 - p25 / p32 
5205,11.884736131579437,p5 + p31 + c2.70702594595594 / p7 - p7 
5206,76.33170626685913,p12 / c4.538316213375192 / c2.9145515454672637 + c3.2119338074033355 
5207,16.91114579379846,p28 / p5 * c1.592566793928511 + p26 
5208,6.272628364103304,c1.5629473584067988 - p32 / p26 + p12 
5209,11.588258515023247,p12 - p13 / p14 * c3.4356113790841696 
5210,2.1635339130797333,p26 + p28 - p20 
5211,17.521303976687204,c4.532737737814843 - c2.8893700384584076 + p16 
5212,2.1635339130797333,p26 + p28 - p20 
5213,2.541110239423676,p23 * p3 / p16 
5214,52.99231225328873,p26 - c0.322106465358466 - c4.197020390951297 + c2.634691695793368 - p28 * c0.3537733804053289 
5215,5.443570824221116,p26 - c0.322106465358466 - p31 * p2 / p19 / p6 
5216,91.95261902619491,c3.6652479577303145 * p12 * p11 / p33 + p32 / p8 - p5 - c0.054710118703463206 + c1.4886213943192024 - p32 
5217,24.489496318505978,p2 / c3.743438277371366 * c4.707896368758431 
5218,4.795400127448703,p5 - p32 + p7 
5219,7.243203370270815,p5 - p32 + p7 - p31 / p33 / p26 
5220,10.436353173207422,p15 / p10 + p20 
5221,5.9686348848166295,p32 - p31 + c1.5797906775649388 - p27 / p26 + p18 
5222,10.510032735292095,p13 - p24 / p24 
5223,31.641197200951197,p30 - p16 + p15 + c3.3592007020465258 - p32 * p20 / c4.181807137263619 / p26 
5224,66.7036434323694,p30 - p16 + p15 + c3.3592007020465258 - p32 * p20 / c4.181807137263619 / p26 * c3.2823640307295405 
5225,20.888029498424665,c3.696966102119097 / p10 / p17 * p13 - p22 / p18 * c3.5228240776190756 + p21 / p12 * p8 - c0.13150948352392333 
5226,25.35445347402759,p13 * c1.7464250887291692 - p3 
5227,3.585491044036532,p22 - p21 / c4.953539156916701 / p11 
5228,2.6223874004201937,p11 + p18 - p3 
5229,96.42591089757626,p21 / p22 / p16 
5230,3.413805921184264,p21 + p16 - p31 
5231,84.55892093339959,p21 + p16 - c3.9050572545972955 + c1.964590390498756 
5232,21.86835854822294,p31 + p15 / p13 * p26 + c2.6344142942469047 * c0.39251133897708124 - p27 - c1.7763257060883069 + p0 * p11 * c2.598010650559322 / p6 / p22 
5233,15.410320680657438,p21 / p22 + p27 / p9 / p12 * c4.9283853181051045 + p0 / c2.176783003523985 / p30 + p7 
5234,25.204927199268727,p20 / p20 * p26 + c2.4344875425150554 
5235,84.08761174338683,p0 - c1.5351141469205187 + p7 
5236,5.5158144774250735,p16 / p19 / p9 + p15 + p6 / p0 / c3.8430135360086037 / c0.8159003628936257 * c3.3650342819150127 / p28 
5237,26.626435741156683,p2 - p13 / p1 - p25 / p11 / c2.554587360310163 * c4.063223435809754 
5238,17.305799849941916,p2 - p25 / c2.334482858726923 / c2.6361600417276043 
5239,65.11881155759708,p21 / c2.2357200778103463 + p33 / p17 + c3.015872279755105 + c0.35615184516696374 + c2.004000875091978 
5240,22.407968611785524,p0 - c1.5351141469205187 + p7 / c4.224412009930299 
5241,22.97774168330777,p8 / c3.852981505259827 + p13 - p2 / p24 
5242,4.412547538225617,p8 - p24 + p29 - p33 + p30 
5243,48.49988318181311,p0 - p20 + p0 + c4.839944462256953 
5244,2.5498830715272263,p15 + c1.2836901913303889 / p19 / p20 + c3.2851223191749783 / c0.7600402705635184 / p4 
5245,3.2161807254838366,p30 - c0.13120293591490972 + p32 - p13 
5246,2.6093663795810422,p30 / p7 * p32 
5247,9.073812812050488,p12 - c3.6299636271473004 / c4.744868522306806 
5248,11.268647953918215,c3.2268869136279816 * c0.2749900666184124 * p23 
5249,88.32065901615083,p23 * p19 / p34 / p25 / c2.641766099138387 / p22 + c4.682109055610587 
5250,69.64355788747099,p20 / c3.331251646521587 / p12 * p23 
5251,28.536837743721193,p26 + c2.7377312503241207 * p15 / p12 
5252,64.62090069403166,c3.7944049875947856 + c0.16255653263978653 * p32 * c1.7265764582544019 
5253,172.25214361415428,c0.16255653263978653 * p32 * c1.7265764582544019 - p15 
5254,19.586198239184174,p3 * p5 / p18 + p3 / p33 * c1.5286148956311052 * c3.913515121117671 / c2.245063731222045 / p13 * p16 * c1.77095868076241 / p18 
5255,16.000845821360006,c3.629001253063385 / p5 * p5 - c2.0753178981555696 + p3 
5256,16.840235353026937,p18 + c3.913515121117671 / c1.77095868076241 / c3.4461730664571593 * p10 / p0 + p11 / p7 
5257,50.415781395237666,p13 - c4.144258821893182 * c1.010793288833976 - p7 * c2.5326447852906027 / p8 * p15 / p12 / p1 
5258,83.05459883491041,c4.6896916900253585 + c0.9354703958537403 * c0.8915968065503083 / c2.7588127483887144 - c3.4533154761047413 + c2.1135286933397976 
5259,4.926243883944927,c0.9354703958537403 * c0.8915968065503083 / c2.7588127483887144 + p3 - p18 + p21 
5260,96.24429078090816,c2.8798969732605064 * p18 / p18 * p7 + p1 / p11 + p33 + p18 * c0.08202531171246308 / p15 - p4 - p27 + p9 - p11 
5261,50.95398123529704,c2.8798969732605064 * p18 / p18 * p7 / p11 + p33 + p18 * c0.08202531171246308 / p15 - p4 - p27 + p9 - p11 * c0.5689393730251041 + p15 
5262,78.41457150405591,p25 - p12 / c2.7565975114422496 * c1.8878874864583444 - p30 * c3.499121865301918 / p19 
5263,3.136184473868249,p13 * c2.010016706529336 - p18 
5264,3.993032201205108,p13 * c2.010016706529336 - p18 + p1 / p7 * c0.15062205378887528 
5265,9.941239074723498,p18 + c0.8055557428709681 + p33 * c1.4466330204783862 / p22 / p22 - c2.3029320155337802 
5266,13.607068350167593,p27 * c1.427364459295049 / p6 * c1.5257709857472657 + p20 - c3.4636511668386043 
5267,4.801616178532467,p2 + c1.4250537157323162 / p22 / p17 
5268,33.666172566202974,p25 - p12 - c3.499121865301918 + p8 + c1.134870807289556 * p3 / c0.5622683185069532 - p33 - p25 
5269,2.950364416969379,p2 - p1 / p1 + p11 / p18 
5270,27.979170428535248,p3 * c3.9911042256729234 / p10 / c1.9516450213627723 + c3.6511221724090785 / p28 / p25 + p11 
5271,26.1595537450725,c0.6607700671287453 + c3.4544398271552716 * c0.09935574622637056 + c1.7855075493766321 + p0 * c0.8022903393195213 
5272,26.993790556572577,c3.9911042256729234 / c1.9516450213627723 + c3.6511221724090785 / p28 / p25 + p11 / p11 * p18 
5273,26.993790556572577,c3.9911042256729234 / c1.9516450213627723 + c3.6511221724090785 / p28 / p25 + p11 / p11 * p18 
5274,80.41104533133895,c3.561995058166823 * c2.315196549488909 + p15 / c2.843608023450222 
5275,9.257890839597769,c1.1717222821536166 * p25 * c4.842701000800819 / c2.430469862200131 / p29 - c3.8473610743288527 / c2.2915379558674087 / p16 / p13 + p20 
5276,70.54009312590706,c3.0632767099740144 + c3.724582668741498 + p2 / p3 + p25 * c2.1725130837622375 + c0.4365749696758514 - p31 / p34 * p14 - p26 + p13 - c0.9987061801794489 - c4.445844242424653 - p6 
5277,5.319813473127835,c3.499121865301918 + p8 - p33 * p27 * c3.34485456827742 / p11 * p33 / p10 / p3 
5278,15.782896279230135,p1 + c3.4234415346351375 * p32 * c1.7783074485558585 / p31 / c4.117316211874168 
5279,17.04083381844513,c3.499121865301918 + p8 - p33 * p27 * c3.34485456827742 / p11 * p33 / p10 / p6 - c4.863487827145515 / p0 
5280,10.109010345199202,p30 + p27 / p33 * p3 / p33 
5281,20.358702492055773,c1.2973433172432132 + p2 * p22 / p5 + c1.8376624984400998 * c1.2866556887032328 + p30 - p1 / p23 * c2.7208954601981046 * c2.2335091073754736 / p30 - p8 / c3.3887536142113617 - p27 
5282,37.48224616760235,p22 - c0.36055167536290844 * p11 
5283,2.7969628750023365,p16 + p12 / p20 * c4.642073614311414 / p24 
5284,8.475323549712547,p22 - c0.36055167536290844 - c0.9803162324348119 / p28 
5285,7.816536913255569,p18 - c0.7529653064836839 - p13 + p33 
5286,82.0460930110304,p27 / p32 * p30 * c1.4502185192008348 / p13 * c1.4450024797432226 
5287,9.660076455969948,p6 / c1.0797042426577808 / p15 * p20 - c0.31604327405431565 
5288,3.8079957205296,p5 + c1.7186117417412339 / c1.81778009678021 * c0.47040722040227634 + c1.238580926833028 / p7 - p16 / p23 
5289,2.2715834425236126,p23 - c3.8373381638452293 * c2.5042148735340977 / p12 / c4.7288904242511896 / p23 / c4.819773189407425 
5290,21.744521628576678,p26 - c3.530864056556011 / c1.554077507929702 
5291,10.770557671522369,p3 + p18 / p30 
5292,35.78148023350632,p7 / c4.412342089603875 + p7 + c1.5207185789820588 - c3.62579624991765 / p29 
5293,4.341050586520531,p3 / p28 * p11 
5294,54.20167331603454,p0 / p6 + c4.4670240685548785 + p0 
5295,28.331902645009333,p0 + c0.6918175021795775 - c3.5173527432235963 
5296,13.310974534115406,p17 - p24 + p28 - p10 / p3 - p8 + p14 
5297,39.470267994821405,c2.481007353384821 + c1.1609432211768966 * p7 
5298,25.192325524264696,p8 + p9 - p25 * c0.06084391855836924 / p27 / c3.6464221491100606 - p26 / p17 * p34 
5299,1.5228161285077872,p28 - p12 / p28 / c1.5287996493060345 / p32 * c0.07860586202549646 / p32 * p15 
5300,69.75927544949387,p18 / p2 * c2.465331128372858 + p5 * c0.1414718399752346 * p21 / p22 
5301,3.407533514810505,p8 + p25 * c0.06084391855836924 / c3.6464221491100606 - p26 / p17 * p18 / p2 * c0.19683249217570808 
5302,13.58878249121054,c3.3592007020465258 / p13 + p15 - p13 + p5 
5303,15.464240762421325,p34 - p14 - p1 - c0.9733376042633807 + p10 + p15 
5304,1.8714792029270542,p14 * p33 / p4 
5305,4.1008290378865375,p9 * p28 / p34 - p2 + p10 
5306,13.587826008966807,c3.3592007020465258 / p13 + p5 
5307,70.95040710811523,c1.3085517042387789 * p31 + c3.9100893693559273 
5308,61.151741934683166,c2.3630453913529 + c0.9298224986033471 * p27 + c4.480817622374619 
5309,4.08930409822054,p13 + p5 + p14 / c3.7326389348342417 / p9 - p10 
5310,3.3796692865600657,p11 + p13 / p14 / c2.093109784855537 
5311,12.637864153191094,p8 + c0.9876519711584547 * p15 - p4 / p29 - p21 
5312,47.84437248484219,p27 * p0 / c3.522736022313003 / p19 + p6 
5313,5.000099780488345,p18 + p16 / p11 / p5 
5314,7.740578895004465,c1.998200451259637 / p7 + p33 
5315,52.95782691646879,p7 + c3.9068042151736377 / p22 / p1 + c1.686369704216879 + p24 * p15 / p29 / c3.2949098203412417 
5316,60.82318504425622,p7 + c4.76495605206789 - c1.9793867132617375 + c3.4452289704532535 
5317,26.725203493043626,c3.312408764422857 + c1.0575976580767443 + p28 - p15 / c3.120417337884005 - c3.177870422939094 
5318,24.72708959539648,p26 + c4.59593232076492 / c1.9261268575391133 
5319,10.454199876457462,p26 + c1.811044570655198 - c4.928611406737718 / p20 
5320,46.77614166283013,p12 * c2.5785524885382416 / c4.794492765366178 
5321,81.45079327371351,p12 * c2.5785524885382416 / c4.794492765366178 / p5 * c4.736365676084926 
5322,37.2740228519256,p4 - c2.8642331262563987 + p27 - p1 / p16 - p5 / p21 * p14 
5323,55.95557969116807,c3.5040111339819906 - c1.030672584070698 / p10 - p3 / c1.8574780935816166 + p30 / p15 / p18 + p2 + p32 / p30 
5324,77.75728374568762,c3.1070628026064884 - p27 * c2.1224972575048398 / p16 / p0 
5325,80.14747517218377,p22 + p3 + p31 / p21 / p13 * p8 * p0 / p8 / c3.878199560683337 / p20 - c2.664710423649115 
