iteracion,valor,gen
1,32.03739988215402,p0 / p28 / p8 + p28 / c3.5124180535271705 + p5 
2,9.4853303515701,p0 / p28 / p8 + p28 / c3.5124180535271705 + p5 / c1.2936246944413987 
3,14.841406921657066,p27 / c0.6650608902650029 / p22 - c4.3998758359723595 + c1.414454647850747 + p30 
4,20.810650110536923,p0 - p18 + c0.29672942530472035 + c2.5526964015844102 - p32 - p31 / p26 + p33 * p21 / p8 - p33 + p27 + p6 
5,14.841406921657066,p27 / c0.6650608902650029 / p22 - c4.3998758359723595 + c1.414454647850747 + p30 
6,15.368671707620427,p12 - p18 / p19 * c4.872357778862064 + c3.089651917545995 / p19 
7,2.7014239772997533,p12 - p18 / p19 * c3.089651917545995 / p19 
8,2.7014239772997533,p12 - p18 / p19 * c3.089651917545995 / p19 
9,26.257232349472304,c2.3944847280796386 - p3 * p19 / p18 + p24 - p17 / p8 + p27 / c1.4138665918453115 / p33 + p13 - p30 / p26 / p22 - c3.84116066783759 
10,10.548657508564316,c0.5999302166492709 / c2.5573701562503164 / p1 - p5 / p17 + p17 
11,4.244354683756571,p0 / p28 / p8 / p5 / c1.2936246944413987 - p5 / p29 - p15 + p20 + p21 
12,11.306452814272006,p6 - p18 / p21 - c4.061078048567957 / p9 - p8 / p6 * p25 + p5 
13,29.244460596215127,p22 + c1.414454647850747 + p30 / p9 + c1.3265185291913313 
14,2.875245872338274,p18 / p21 - c4.061078048567957 / p9 - p8 / p6 + p5 
15,4.445718058828255,p0 / p28 / p8 / p5 / c1.2936246944413987 - p5 / p29 - p15 + p21 - p7 + p32 + p7 
16,6.587870710365416,c1.185696887995273 / c2.617529972815201 + p26 + c0.08589639333289101 * c0.9727196688117706 
17,14.680807323180456,p0 - c0.30131033527079965 / p25 / c1.3715887601332173 - c2.2714691463738443 - c4.462965203498238 + c4.919972576837485 + c2.9834738735439026 + c1.5709576551763011 + p17 - p5 * p31 / p25 * c1.187511150443445 / p17 - p23 
18,6.7249162045331214,c1.185696887995273 / c2.617529972815201 + p26 + c0.08589639333289101 * c1.1387937160638621 
19,6.131091537285212,c1.185696887995273 / c2.617529972815201 + p26 + c0.08589639333289101 * c1.1387937160638621 / p33 
20,5.95821087997155,c1.185696887995273 / c2.617529972815201 + p26 + c0.08589639333289101 * c1.1387937160638621 / p33 / p31 
21,47.15558913629227,c1.185696887995273 / c2.617529972815201 + p26 + c0.08589639333289101 * c1.1387937160638621 / p33 / p31 + c4.183621424719006 
22,3.4251016618167984,c1.185696887995273 / c2.617529972815201 + p26 + c0.08589639333289101 * c1.1387937160638621 / p33 / p31 + c4.183621424719006 - c4.971338456412232 
23,40.586443311542645,p8 / c2.560016748765727 + p21 + c2.357785929528861 / p9 * c1.042525741116962 
24,2.6280160253061013,p17 - p16 / p29 * c3.5744084488946966 / p6 
25,2.6280160253061013,p17 - p16 / p29 * c3.5744084488946966 / p6 
26,11.988358768807284,p17 - p16 / p29 * c3.5744084488946966 / p6 * p0 
27,2.6324189875939057,p17 - p16 / p29 * c3.5744084488946966 / p0 
28,11.26572189993496,p23 / p13 * p7 + p3 / p25 + c4.0483940820639805 / p23 - p28 - c1.1426805339743495 / c2.2590481200789685 / p18 / p1 / c3.79179450623153 * p28 * p34 / p18 + p17 
29,18.456225996877667,p23 / p13 * p7 + p3 / p25 / p23 - p28 - c1.1426805339743495 / c2.2590481200789685 / p18 / p1 / c3.79179450623153 * p28 * p34 / p18 + p17 
30,13.507516815294164,c0.5458210456132534 - c1.8331278821777692 + p31 + c4.983041890973331 - p31 + p13 / c3.6337430512106246 / c4.232423836497991 + p17 + c3.6685970201737943 - p2 / p13 - c3.0110916867902073 * c2.6400317876062256 
31,18.143402168138937,p10 - p6 / p16 + p32 / c4.811137102552936 
32,13.507516815294164,c0.5458210456132534 - c1.8331278821777692 + p31 + c4.983041890973331 - p31 + p13 / c3.6337430512106246 / c4.232423836497991 + p17 + c3.6685970201737943 - p2 / p13 - c3.0110916867902073 * c2.6400317876062256 
33,12.514262910740747,c0.7026917509713165 / p15 + p33 + c0.9098491917645068 * c1.09731061479396 
34,31.917536901558258,c0.30131033527079965 / c2.2714691463738443 - c2.9834738735439026 + p17 / c0.8678878379432797 - p0 / p27 
35,17.45801153942206,c2.2714691463738443 - c2.9834738735439026 + p17 / c0.8678878379432797 - p0 / p27 
36,20.437385723606667,c0.7026917509713165 / p15 + p33 + c0.9098491917645068 * c1.09731061479396 * c3.166115149806812 * c1.751276250540526 - c3.7298856418908293 
37,3.731294017147769,p3 + p1 * c0.06894434444290887 / p12 * p30 / c2.6467050983972236 
38,8.25040155043087,p0 - p22 * p10 / p14 / p3 / p16 / p32 / p29 - c0.16572877260416952 / c0.6006889202736176 + p2 / p20 
39,14.11230990126352,p0 - p22 * p10 / p14 / p3 / p16 / p32 / p29 - c0.16572877260416952 / c0.6006889202736176 + p2 / p20 + c0.6321315981160686 
40,14.11278111675292,p0 - p22 / p14 / p3 / p16 / p32 / p29 - c0.16572877260416952 / c0.6006889202736176 + p2 / p20 + c0.6321315981160686 
41,2.959952975736588,p1 * c0.06894434444290887 / p12 * p30 / c2.6467050983972236 - p15 + p33 + p20 
42,16.429584328270764,p30 - c1.6558603339498639 + p3 / p24 / p24 
43,3.878628008366295,c3.259109063087899 / c4.787899530977918 * p17 / c2.674018583604789 / p6 + p2 
44,9.860484923760852,p6 + c0.019149536726299488 - p23 / p15 + p6 / p29 
45,13.060467800376502,p30 - c1.6558603339498639 + p24 / p24 / p16 
46,13.060467800376502,p30 - c1.6558603339498639 + p24 / p24 / p16 
47,11.825855530123468,p0 - p22 / p14 / p16 / p32 / p29 - c0.16572877260416952 + c0.6321315981160686 - c1.5752613361683798 
48,2.2111441072457128,p30 - c1.6558603339498639 + p24 / p24 / p16 / p18 + c1.4736577588367683 
49,20.712743142659143,p2 * p31 / p1 + c2.087708820587415 - p13 / p4 * p29 + p17 
50,4.344670508002025,p2 * p31 / p1 - p13 / p4 * p29 + p17 
51,34.40037680529214,c3.9661038072962214 / c2.2833136641004295 + p15 * p26 * p20 / p3 / p34 / c3.1615829320712114 * c0.39636366876875384 + p31 / c2.7577505945319025 
52,11.79744825919576,p1 / p2 / p11 * p8 + c0.9341948840234149 * p5 * c1.0833874966959212 
53,21.493689759532923,c3.9661038072962214 / c2.2833136641004295 + p15 * p26 * p20 / p3 / p34 / c3.1615829320712114 * c0.39636366876875384 + p31 / c1.3766040341666312 
54,11.184847361424865,p24 + c3.760036297123755 - c4.310191346768526 - p20 - p4 + p33 + p33 
55,9.738237769051096,c2.2714691463738443 - c0.8678878379432797 * c3.5891739904542015 + p17 - c0.00156010386963501 / p21 
56,14.328375863611797,c2.2714691463738443 - c3.5891739904542015 + p17 - c0.00156010386963501 / p21 
57,14.328375863611797,c2.2714691463738443 - c3.5891739904542015 + p17 - c0.00156010386963501 / p21 
58,14.338137452429752,c2.2714691463738443 - c3.5891739904542015 + p17 - c0.00156010386963501 / p21 * p16 
59,7.266247587277931,p5 * p11 / p1 - p1 / p12 / c1.5452280294920877 / p4 + p30 - p21 / p29 - p3 + p10 / p32 - p6 / p33 / p27 / c1.4054370440952053 
60,10.490379685505266,p8 / p28 + c4.190995526234664 - c4.245613786113295 / p25 * p26 + p6 
61,15.84618795098915,p11 / p1 - p1 / p12 / c1.5452280294920877 / p4 + p30 - p21 / p29 - p3 + p10 / p32 - p6 / p33 / p27 / c1.4054370440952053 + p0 
62,15.865429474320727,p1 / p2 / p5 * c1.0833874966959212 / p8 - c1.7868952541441174 + p28 
63,3.251913346132252,p1 / p2 / p5 * c1.0833874966959212 / c1.7868952541441174 + p28 
64,9.017259980798174,p28 / p19 + p23 + c3.1467969699048925 / p23 / p12 
65,4.208573594760405,p1 / p2 / p5 * c1.0833874966959212 / p28 + p3 
66,5.037529752944011,p28 / p18 / p10 - c0.39872100597165616 / p0 / c4.077595566858549 + p10 
67,5.866091606024901,p1 / p5 * c1.0833874966959212 / p28 + p3 
68,3.822571816103376,p21 - p15 - p33 + p18 + p3 
69,2.075780387099321,p21 + c3.1379728180006183 / c4.658253232981412 / p32 / c4.651771223946128 / p4 * c1.828018077643896 / p33 
70,2.0803465537778134,p21 + c3.1379728180006183 / c4.658253232981412 / p32 / c4.651771223946128 / p4 * c1.828018077643896 / p33 * p16 
71,2.098134535024366,p21 + c3.1379728180006183 / c4.658253232981412 / p32 / c4.651771223946128 / p4 * c1.828018077643896 / p33 * p16 * c3.03690534913844 
72,2.7144592404797376,p30 + p32 + p15 / p4 - p28 
73,2.7144592404797376,p30 + p32 + p15 / p4 - p28 
74,11.406687546870604,c3.5868878768990275 / c1.5533746585234265 / p18 - p30 / p1 + p21 / p15 / p15 * p33 + p15 - p4 + c1.8570565755207529 - p15 + c1.6441378552444301 / p10 + p23 - c0.7204981651139092 * c3.979837594634321 + p14 
75,3.558894825195148,p21 + c3.1379728180006183 / c4.658253232981412 / p32 / c4.651771223946128 / p4 * c1.828018077643896 / p33 * p16 * c3.03690534913844 + p16 - p12 
76,3.374048207559816,p0 - p23 + c4.29992677212195 / p31 * c0.06004803419239202 + p23 
77,24.54383901693741,p30 + p15 / p4 - p28 * c0.27598930328272986 
78,11.22035049770062,p23 + c4.29992677212195 / p31 * c0.06004803419239202 + p23 / p5 
79,3.5839534782305185,p30 / p23 / p26 * p5 / c1.3920576962848275 / p3 * p28 + p28 - c0.30013880322080966 / p32 - p27 / c3.3402646287667093 / p30 
80,2.708888311667688,c3.180757899543874 / c4.5706080441164545 / c3.0130132729413717 / c1.4493184704798323 / p0 * c0.9049748815078351 + p10 
81,4.693662522651855,p13 + c0.1449178579159477 / p33 * c3.6834681579796373 - p32 * c1.2571388310109977 / p16 + p21 - p32 + p29 * c0.22436912063402037 / p4 / c1.525687577882426 * c4.698995241224346 
82,15.298339231529155,p13 + c0.1449178579159477 / p33 * c3.6834681579796373 - p32 * c1.2571388310109977 / p16 + p21 - p32 + p29 * c0.22436912063402037 / p4 / c1.525687577882426 * c4.698995241224346 - c1.2422139388516413 
83,5.259727340488466,p13 + c0.1449178579159477 / p33 * c3.6834681579796373 * c1.2571388310109977 / p16 + p21 - p32 + p29 * c0.22436912063402037 / p4 / c1.525687577882426 * c4.698995241224346 - c1.2422139388516413 
84,9.525176540812478,p27 - c4.755408766094172 / c2.4485910718171917 / p8 * c3.44511501794986 / p5 + c0.6571050317793808 
85,4.70737531501659,p13 + c0.1449178579159477 / p33 * c3.6834681579796373 * c1.2571388310109977 / p16 + p32 + p29 * c0.22436912063402037 / p4 / c1.525687577882426 * c4.698995241224346 - c1.2422139388516413 - p12 
86,6.548092934613631,p10 + c3.4476096541828176 - p30 - p6 / p8 * c4.869776476257369 + p20 + p34 / p14 
87,4.056207494699514,p13 + c0.1449178579159477 / p33 * c3.6834681579796373 * c1.2571388310109977 / p16 + p32 + p29 * c0.22436912063402037 / p4 / c1.525687577882426 * c4.698995241224346 - c1.2422139388516413 - p12 + c4.050164694662842 / p19 
88,11.815777825608334,p13 + c0.1449178579159477 / p33 * c3.6834681579796373 * c1.2571388310109977 / p16 + p32 + p29 * c0.22436912063402037 / p4 / c1.525687577882426 * c4.698995241224346 - c1.2422139388516413 - p12 + c4.050164694662842 / p19 * p6 
89,4.398503042369053,p18 / p19 * c1.5425319653526808 * c1.0550574715342576 / c1.2136321235231247 + p28 
90,11.535941121618531,p13 + c0.1449178579159477 / p33 * c1.2571388310109977 / p16 + p32 + p29 * c0.22436912063402037 / p4 * c4.698995241224346 - c1.2422139388516413 - p12 + c4.050164694662842 / p19 * p6 
91,4.579854230141776,c3.8623269531077864 - c0.28811680109892823 - p18 / c4.037930266639544 / p18 + p13 + c1.92788186311244 - c1.1624735012128407 * p17 / p18 / p20 + p16 - c4.748132183849803 - p17 
92,7.465560787201027,p13 + c0.1449178579159477 / c1.2571388310109977 / p16 + p32 + p29 * c0.22436912063402037 / p4 * c4.698995241224346 - c1.2422139388516413 - p12 + c4.050164694662842 / p19 * p6 / c1.5683120655278167 
93,8.235949491130821,p27 - c2.4485910718171917 * c3.44511501794986 / p5 + c4.553522895544556 / p7 + p6 / p30 
94,11.546358307011037,p27 - c2.4485910718171917 * c3.44511501794986 / p5 / p7 + p6 / p30 
95,23.02934834199311,c4.449199349826199 / p7 + p15 - c4.28452875438093 + p21 / p0 / p12 
96,6.911311837878404,p19 + p27 - c1.200203726284716 * p22 / c1.2006271972400795 / p34 - p29 
97,23.277724959218325,p27 - c2.4485910718171917 * c3.44511501794986 / p5 + p6 / p30 
98,21.076263588901423,p1 + p15 / c0.5435454916690452 / c3.918913569047122 * c4.549220313993495 / c0.775090528799674 / c2.506496297048696 - p18 + p26 / p5 
99,6.44427517853562,c1.7002709523185922 / c3.373051073478573 + c2.5510443244002605 / p2 * p25 / c3.8384527462554408 / p31 * p12 * p11 - c0.05124831016420528 * p31 * p2 / p10 + p32 / c2.5330351539926452 
100,18.27426221576757,p16 / c0.8016954969196188 - c0.054470415506604475 * c3.819400792145244 - p21 + p28 - p0 / p27 * c3.0493759326409666 + c4.071774668683397 / p25 
101,12.33244895562909,p0 + p27 + p11 / p12 + c0.2062728696280025 / p32 * p20 - p25 
102,9.63131855110762,p8 + c1.5310773577348509 - p28 - c3.7787096186017752 * p3 - c2.482769189375424 - c4.962082134247316 + c2.072570152770842 / p14 / p26 * c1.9028431459419648 / p16 + p23 - c0.019382711483169057 - p25 / p13 + c3.538335215637179 / c0.33658552662059693 / c0.908839964340194 + p8 * c4.833512115589854 - c1.1733273361015355 - p21 + p22 / p21 - p18 * c4.155348084441591 / p13 
103,5.390196930660143,p27 - c1.200203726284716 * p22 / p29 * c1.1680022340111917 
104,2.070215742319154,p27 - c2.4485910718171917 * p6 / p29 / p11 
105,2.070215742319154,p27 - c2.4485910718171917 * p6 / p29 / p11 
106,1.877602069600188,p27 - c2.4485910718171917 * p6 / p29 / p11 / c3.254861720933489 
107,7.554136156529753,p27 + c1.4145699190362804 / p34 - p11 / p28 + c3.4262629883530256 / p24 * c1.1580584728926013 + c1.1498287786293704 / c1.7134774116105107 / c2.4217020542478247 
108,6.970735686620685,c4.500299002236896 - p11 + p18 - p10 / p27 * c3.8253646113160484 + p26 
109,11.928116195381852,p27 - c2.4485910718171917 * p6 / p11 / c3.254861720933489 + c1.897290087078674 + c0.10659210463796587 
110,3.3921106921474617,p1 + p5 + p6 / p19 / c3.151795417858902 - p3 
111,3.48550068706794,p1 - p26 / c2.8632744392237823 / p25 / p7 
112,3.48550068706794,p1 - p26 / c2.8632744392237823 / p25 / p7 
113,3.15247085267476,p1 - p26 / c2.8632744392237823 / p25 / p7 / p22 
114,3.478464187757853,p1 - p26 / c2.8632744392237823 / p25 / p22 
115,3.478464187757853,p1 - p26 / c2.8632744392237823 / p25 / p22 
116,4.576960897629644,p1 - p26 / c2.8632744392237823 / p25 / p22 * c2.041248543228069 
117,15.326124288820424,p3 - c4.071123928035643 / p20 + c3.9573270142942576 - p18 / p3 
118,62.24988233665897,c4.500299002236896 - p11 + p18 - p10 / c1.5846849486032304 + p21 / p15 * p27 
119,14.46402627331325,p27 / c1.1680022340111917 + p1 * p23 / p26 / p5 
120,16.66111489679352,p3 - c4.071123928035643 / p20 + c3.9573270142942576 - p18 / p3 * c0.8580793670382081 
121,8.278316318070646,p11 / p30 / p0 / c1.8024590660326627 * p25 * c2.2753457029918875 + c4.009888891161938 + p11 + p21 + c1.1360538945211374 / c3.669189118469408 - p31 - c4.986971325659658 
122,3.3240587092470872,p26 * p18 / p9 / p22 + p33 
123,3.3240587092470872,p26 * p18 / p9 / p22 + p33 
124,3.3240587092470872,p26 * p18 / p9 / p22 + p33 
125,3.3240587092470872,p26 * p18 / p9 / p22 + p33 
126,21.578878399438807,p11 / p30 / p0 / c1.8024590660326627 * p25 * c4.009888891161938 + p11 + p21 + c1.1360538945211374 / c3.669189118469408 - p31 - c0.5457322247176338 
127,1.690359038667278,p24 / p14 - p16 / p7 + p32 
128,1.690359038667278,p24 / p14 - p16 / p7 + p32 
129,1.690359038667278,p24 / p14 - p16 / p7 + p32 
130,18.00163743731922,p33 / p11 / c4.986241838524077 * c0.3547645238540692 / p4 / p16 * c4.13976757604543 / c0.18995311526398495 * p5 * p14 / p2 / p23 / c3.342108867642737 / p16 + p3 - c1.9615002266197945 + c3.6771524131903215 
131,2.7907348798728875,p26 * p18 / p22 + p33 * p33 / p23 - p11 
132,21.00359397018552,p22 / p18 - c2.721120453021915 / c4.743066746341647 - c0.3358495254024857 + c2.9212999372245934 * c1.6455832574613742 + p8 - c0.7622749729912476 - c1.868502319037062 - c0.41143554454887654 / c2.612006419142911 * p17 
133,1.7904756091249667,p27 + c1.4145699190362804 / p34 / c3.5444254480959634 * c3.388750463890485 + c2.799141077603987 / p23 * p23 / p4 
134,12.191867696209078,p27 + c1.4145699190362804 / p34 / c3.5444254480959634 * c3.388750463890485 + c2.799141077603987 / p23 * p23 / p4 + c1.2042698199733148 
135,5.62071116018747,p27 + c1.4145699190362804 / p34 / c3.5444254480959634 * c3.388750463890485 + c2.799141077603987 / p23 * p23 / p4 + c1.2042698199733148 / p15 
136,23.817276745114352,c2.3897518632373522 / p28 * c3.542158798803774 + p33 - c1.8690200122269984 / p1 
137,32.08319273160505,p18 + p33 / p11 * c2.307858046280989 + c0.9429654564801238 
138,20.49209229874204,p22 / p18 / c4.743066746341647 - c0.3358495254024857 + c2.9212999372245934 * c1.6455832574613742 - c0.7622749729912476 - c1.868502319037062 - c0.41143554454887654 / p34 + p20 
139,34.285560010370084,c0.13280110331367778 - c2.7891527640178344 - p2 + c3.3091402178243063 * p25 - p27 - c0.18270920258774803 
140,26.42814986588483,p22 / p18 / c4.743066746341647 - c0.3358495254024857 + c1.6455832574613742 - c0.7622749729912476 - c1.868502319037062 - c0.41143554454887654 / p34 + p20 * c1.3188443582599496 
141,7.617543885411103,p27 / p34 / c3.5444254480959634 * c3.388750463890485 + c2.799141077603987 / p23 * p23 / c1.2042698199733148 / p15 / c1.9495877456596462 + p13 
142,2.7260527510287256,p32 - p17 + p23 - c0.2807434751647847 - c3.5393117478590113 + c0.9133467207190715 + c2.7369111281835496 
143,23.62394396293256,c2.3897518632373522 + p33 - c1.8690200122269984 / p1 / p14 * p17 / p28 
144,28.826690367300472,p12 + p21 + p27 + c3.744247404924847 * p25 / c3.4790830084555036 - p7 - c1.787918994002005 * p18 
145,38.680985736923375,p1 - c4.113312529170136 / c0.6110920735973696 + c3.2768448764846383 - c0.5221826336788982 
146,30.674973210653405,c2.1116399212004104 * c2.0343232649444207 / c2.7819738062489057 * c0.29947210854802897 - c3.311942106643903 * p11 / p27 + c0.9153681050944745 - c0.9702115202711814 + c3.826992424247263 + p18 + c3.242847632781756 - p2 / p22 
147,18.48853745165325,p34 - c1.3564492712715222 * p21 / p1 - p17 + p2 - c4.4192805635992 + p33 / p16 + c4.815908913158886 - c1.772518490098029 - p34 + p0 
148,21.25140870281449,p8 + c4.5337523634463075 / p16 / p27 * c4.277116725542593 / p22 
149,36.59577602938662,p8 + c4.5337523634463075 / p16 / p27 * c4.277116725542593 / p22 * p5 
150,47.24084522058063,p12 - c4.022131739589317 - c4.513729990817637 + p15 / p32 * c0.47689910497159815 - p6 / c4.03443764464008 / c3.1992772137173513 * p23 / p20 / p0 * c4.173953994397124 / p14 + c3.410470731875325 + p21 - p31 
151,48.34876407321067,p7 - p30 * c1.4690783030769499 + p14 / p29 / c0.16999517801986663 - c1.9781351869969592 + p21 
152,13.203697876772502,p1 + c2.0765218998106363 + c0.11172249618623675 * c0.7263750975505673 / p32 - c4.01610336096316 + c2.5674769435763123 - c2.211828821061918 + c2.729387198240172 
153,2.5310052761231723,c1.292827464520988 / c2.4369074116750005 / p11 / p22 / p24 * p30 / p5 + p30 * p19 * p25 / p14 / c2.724858708775706 / c0.09412067925084977 / p2 / p21 / p34 / p21 - c0.10783226334366847 + p13 
154,2.6544194062274693,c1.292827464520988 / c2.4369074116750005 / p11 / p22 / p24 * p30 / p5 + p30 * p19 * p25 / p14 / c2.724858708775706 / p2 / p21 / p34 / p21 - c0.10783226334366847 + p13 
155,2.566134382220359,p6 + p27 + c2.5148393899920416 / p14 - p23 
156,4.920567470947904,c2.3238172506653214 / c1.016633683828962 - c1.8221581453018691 / p12 + p23 + p22 + c2.935617869205085 + p22 - p8 + p12 / p11 - c4.067348613328844 - p25 - p23 / p20 
157,15.684361963162512,p12 * c0.5029612894743735 * c3.162193254673795 / p22 + p2 
158,7.332225601078421,c2.3238172506653214 / c1.016633683828962 - c1.8221581453018691 / p12 + p23 + p22 + c2.935617869205085 + p22 - p12 - c4.067348613328844 - p25 - p23 / p20 
159,3.20711620340274,c1.292827464520988 / c2.4369074116750005 / p11 / p22 / p24 * p30 * p19 * p25 / p14 / p2 / p21 / p34 / p21 - c0.10783226334366847 + p0 
160,11.575705094060968,p6 + c2.5148393899920416 / p14 - p23 + p11 - c1.178927793218925 
161,9.970669357869584,c1.292827464520988 / c2.4369074116750005 / p11 / p22 / p24 * p30 * p19 * p25 / p14 / p2 / p21 / p34 / p21 - c0.10783226334366847 + p0 + p15 / p12 
162,5.007002574424875,c1.292827464520988 / c2.4369074116750005 / p11 / p22 / p24 * p30 * p19 * p25 / p14 / p2 / p21 / p34 / p21 - c0.10783226334366847 + p0 + p15 / p12 / p20 
163,33.80665410149468,p26 / p9 * p14 - c2.4236074627531687 - c1.4191993199767454 + p13 / p18 / p12 
164,13.417409827131204,c1.292827464520988 / c2.4369074116750005 / p11 / p22 / p24 * p30 * p19 * p25 / p14 / p2 / p21 / p34 / p21 - c0.10783226334366847 + p0 + p15 / p12 / p20 + p15 / p20 
165,29.08144089779892,c0.3824712313363804 / p28 * p33 / p32 - p22 + p13 - p34 / p9 / p33 - p26 + p22 + p2 - p31 + c3.9566264340031827 - c0.891417417208128 * c0.6133582056674242 - p27 + c1.7949146834450076 * p28 
166,14.079277243703745,c1.292827464520988 / c2.4369074116750005 / p11 / p22 / p24 * p30 * p19 * p25 / p14 / p2 / p21 / p34 / p21 - c0.10783226334366847 + p0 + p15 / p12 / p20 + p15 / p20 - p17 + p20 
167,81.74041851567341,c3.1368185459744105 + p18 + c2.8499185697963276 + c3.392047685605069 / p11 / p7 / p14 - c2.581710193008433 - p32 
168,3.4790727188323536,p16 - p3 + p29 / p4 + p12 - c2.1835258634209302 + p12 / p7 
169,8.484565746739904,p22 / p34 + p17 * c0.8911741136545465 - p32 + p13 
170,7.367279942569735,p22 / p34 + p17 * c0.8911741136545465 - p32 + p13 + c0.3443152652224346 
171,2.937854252615756,c1.7944698210528904 + c0.562253923417268 - c2.689011049310808 + p18 + c4.018635701002237 / p14 / c0.34404773124845855 
172,10.873417466448924,p22 + p17 * c0.8911741136545465 - p32 + p13 + c0.3443152652224346 - p16 
173,34.96464937776612,p22 + p21 - c0.7282024949368554 * p32 * c2.2909079127751704 + p23 
174,17.703897537011944,p5 + p7 / c0.8259024511917012 - p31 - p33 / p27 
175,50.96373329318216,p23 / p24 + c2.629528709415797 + p7 - p31 * c1.1148676510457927 * c0.551305136761065 
176,81.2632078590674,c1.7944698210528904 + c0.562253923417268 + p18 + c4.018635701002237 / p14 - p23 
177,20.687570911866608,c1.4876936291905785 - p11 * p1 / p13 / p29 / p15 + p17 - p26 + p5 - c3.311234179829537 
178,22.21042600387625,c2.2517956464365083 - c0.16321371811095553 * c4.644519661652675 * c3.775055024625785 / p8 / p34 + p33 
179,21.823213101404463,c2.2517956464365083 - c0.16321371811095553 * c4.644519661652675 * c3.775055024625785 / p34 + p33 
180,1.817506631403144,c0.2807434751647847 / c0.3033906378900836 * c3.2548404042134527 / p7 / p7 / p7 / p5 / p9 + p26 
181,4.386702309022947,p3 + c2.4099259556196744 / p7 + p16 / p29 / p33 - c0.4503508804481654 - p30 / p25 / p17 
182,12.04666553491602,c0.562253923417268 + p18 + c4.018635701002237 / p14 - p23 / p29 - c3.3183297386842456 / c2.1597251146418115 
183,6.265037908423597,p18 - p10 + p8 / p1 * p20 + c0.5495793481892947 
184,23.530386146268675,c2.245252552595157 - c3.9937142780449646 + p33 - c1.722190122580084 / p12 
185,27.84114040928373,c1.4876936291905785 - p11 / p13 / p29 / p15 + p17 - p26 + p5 - c3.311234179829537 - c2.5074621562818225 * p18 / p34 
186,17.33388068893854,p13 + c1.9317381117646488 + p23 - p2 - c2.2357836653837686 / p5 / p26 * c4.844210762457076 - c0.7141122800552469 / c3.7615787173055484 - p2 + p11 
187,15.065588184805572,c2.2734757561373646 / p23 * c3.538591811204026 * p3 / p17 / p11 + p5 / p1 * p33 
188,6.33739305336113,c2.5148393899920416 / p23 + c2.625745780859836 + p30 + p17 / p10 * p33 - c3.827411091529365 - p25 
189,7.848347125284989,p7 - p31 / p2 + c3.2992230180233237 - c2.896062780690084 
190,11.925855948479937,p7 - p31 / p2 + c3.2992230180233237 - c2.896062780690084 / p28 
191,8.468887396990821,c2.2734757561373646 / p11 + p5 / p1 * p33 
192,8.468887396990821,c2.2734757561373646 / p11 + p5 / p1 * p33 
193,8.468887396990821,c2.2734757561373646 / p11 + p5 / p1 * p33 
194,14.849707085297648,c1.4401869222497266 / c1.5650019041101277 + c1.390489568252165 / p7 + p10 
195,9.918552439555429,p1 + p8 - p15 / p22 * c2.343479988580582 + p21 / p2 * c4.301502400707716 / p16 - p10 
196,10.0965808754367,c2.2734757561373646 / p5 / p1 * p33 + p6 
197,10.0965808754367,c2.2734757561373646 / p5 / p1 * p33 + p6 
198,10.0965808754367,c2.2734757561373646 / p5 / p1 * p33 + p6 
199,7.606429718341285,p21 - c0.1067797839859902 / p14 + c2.166479215790751 / p3 / c1.2950432175850728 
200,6.72409100100271,p21 - c0.1067797839859902 + c2.166479215790751 / p3 / c1.2950432175850728 
201,4.438148155696543,c1.4401869222497266 / c1.390489568252165 / p7 + p10 / p11 * p33 
202,2.520374577266689,c0.3033906378900836 / p7 / p26 / p3 + p16 
203,5.912773562331316,c0.3033906378900836 / p7 / p26 / p3 + p16 + c0.405616740474099 
204,16.882369260590334,c1.4401869222497266 / c1.390489568252165 / p10 / p11 * p33 - c2.099713099384719 + p1 
205,4.703696727052301,c0.3033906378900836 / p7 / p26 / p3 + c0.405616740474099 + p22 
206,4.9333480478315845,c0.3033906378900836 / p26 / p3 + c0.405616740474099 + p22 
207,4.807268521421052,p5 - p11 / p14 / p21 / p13 + c0.771019384021005 / c2.244425579680373 
208,4.967748500842484,c0.3033906378900836 / p26 / p3 + p22 + c0.4097351148924028 
209,2.3951127632259506,c0.3033906378900836 / p26 / p3 + p22 + c0.4097351148924028 / p27 / p10 / c4.308579320655587 
210,3.447489324594217,p7 + p16 / p25 / p5 * c0.08736140831222261 / p21 / p21 * p6 * p3 - c4.302950002225747 + c4.138330940771371 
211,27.331239304150124,p28 + c3.788431183406993 * p25 - p0 * c4.07015001542858 - p30 - c0.6153583643196731 / p13 * c0.9376693917423073 - c4.213769711638189 + p32 - p28 - p22 + p30 + c0.4695231634331065 / p29 * p0 / p10 + c4.594418602864702 + p28 
212,9.184862528346672,p33 / p19 * c0.626496015394416 - c0.8601271553844947 + p6 + c1.4571118704474388 
213,4.760243098772234,c0.3033906378900836 / p26 + p27 / p3 / p27 / c2.5814692604083604 + p6 
214,2.9678953873298908,p2 + p12 * p19 / p14 * p3 / p14 / c2.308196586425023 / p10 
215,4.184692138447626,p16 - p32 + p33 + c0.46827916411687986 / p11 
216,2.785072562050292,p12 * p19 / p14 * p3 / p14 / c2.308196586425023 / p10 + p7 
217,4.099218095243358,p16 - p32 + p33 + c0.46827916411687986 / p11 / c1.0569371255531212 
218,6.713249250648907,p16 - p32 + p33 + c0.46827916411687986 / c1.0569371255531212 
219,2.751482015643244,c2.245252552595157 - c3.9937142780449646 + p0 - p1 + p17 + c1.833391583026891 
220,8.714853578726567,c1.2950432175850728 - c1.2495714444647732 * c4.582778103290179 / p26 / p20 * p5 / c4.492906875119594 + p25 
221,9.601973308053468,c1.2950432175850728 - c4.582778103290179 / p26 / p20 * p5 / c4.492906875119594 + p25 
222,11.49659883039781,c1.2950432175850728 / p26 / p20 * c4.492906875119594 + p25 
223,11.49659883039781,c1.2950432175850728 / p26 / p20 * c4.492906875119594 + p25 
224,29.46604212611043,c0.5033956736103368 + p6 - p8 / c3.318483959249395 - c1.5088944832851796 / c2.78095950682494 
225,34.03293935443749,c2.896062780690084 / p15 - c1.2402428760072142 + p21 + c3.529816864716859 
226,29.8609977976177,p8 - c3.792380389758084 + p17 / p25 - p1 / p19 / c1.536338478268065 
227,28.806103950959976,c3.6964297875616428 - p28 / p30 + p31 + p16 - p5 
228,18.63462967406773,c1.4401869222497266 / p12 * p23 + p34 - p14 + p28 
229,4.453632932821095,p10 * c2.8588226188037735 - p15 - p0 / c1.205347858660617 
230,11.550492734453972,p0 - c1.5756957989280962 - c0.7036657419526282 + c4.199010488906216 - p14 / c1.440126271151475 / p9 - c4.341109228699269 + p18 * c2.5321614653370283 / c2.682861397955833 / c4.1500603173637645 / p21 + c3.9652242788510152 
231,4.720236794259926,p10 * c2.8588226188037735 - p15 - p0 / c1.205347858660617 - p12 + p20 
232,34.517896836334444,c0.5033956736103368 + p6 / c3.318483959249395 - c1.5088944832851796 / c2.78095950682494 / p0 / p31 + p8 
233,32.83569533290465,c0.5033956736103368 + p6 / c3.318483959249395 - c1.5088944832851796 / p0 / p31 + p8 
234,25.92509767210698,p21 / c1.3651241614636567 + p18 / p11 / p31 / p29 
235,32.010724603341075,c0.5033956736103368 + p6 / c3.318483959249395 - c1.5088944832851796 / p0 / p31 + p8 - c4.461034387779549 / p29 
236,5.8668665708103145,p21 / c1.3651241614636567 + p18 / p11 / p31 / p29 + p6 / c4.9919582595632646 
237,11.131814466651551,p32 / c1.2762307032700348 / p16 - c0.5446890407309868 / c4.6576670669625715 * p0 + p23 
238,11.881574137369496,c2.896062780690084 / p15 + p21 - p11 + p11 
239,11.88156547498442,p16 / c1.0569371255531212 * c0.973934717853539 + c3.974431896844453 / p13 / p25 
240,3.457553091838305,c0.4520904752309318 + p26 - c2.783212608081935 + c2.982301045777358 - c0.4460958497032175 
241,11.053853621552673,p16 / c0.973934717853539 + c3.974431896844453 / p13 / p25 
242,5.955884514889067,p13 - p16 / p5 * c4.66327216502347 / c3.8346956398031082 / c2.4259684227279883 
243,8.486578534302872,p6 - c3.656519894051558 + p13 / p4 * c4.331339745286316 * p34 / p5 
244,2.214978843442446,p25 - c0.088148699765907 - p27 / p15 / p9 
245,10.166819555115286,p25 - c3.4897666200553394 * p1 / p33 + c2.5459991588719473 
246,1.9589906157785304,p28 - p32 / p22 + p10 / p1 * c0.9121441835450556 
247,6.691592677304732,p28 - p32 / p22 + p10 / p1 / p5 
248,20.44200593322561,p6 - p16 + p24 - p9 - p20 * c4.2304778990691165 / p22 / p1 + p2 
249,27.88864034744476,c0.6099953988245044 / p22 - c3.651833482627919 + p2 - c0.03769885220142266 + c0.7772787464800507 
250,15.542703168755024,c1.3826448881227804 / p19 / p30 / c1.9796328411464026 + p32 - c0.18765684173579544 + c1.8303387478186084 - p4 * p2 / p3 * c0.4707712327079516 / p19 / p34 * p27 / p21 * p22 / p12 / c2.50354022193507 
251,12.625935406079112,c0.023669231701505256 + p24 - c2.6209819255474764 + c2.166130489592444 / p29 + p13 / p26 - p14 + p16 + c4.65078780724672 / p27 + p31 * c1.115907973106724 / p10 / c3.9493583663683314 * c1.2595826041123743 
252,4.396651594617952,c2.6605047493594802 / p9 * p34 + c0.8213308418102372 - c3.5744723503590152 + c1.5406573565483483 * p2 / p24 + p27 
253,2.510816580117591,p8 + c0.06089872717571443 / p3 / p26 / p13 
254,2.510816580117591,p8 + c0.06089872717571443 / p3 / p26 / p13 
255,2.510816580117591,p8 + c0.06089872717571443 / p3 / p26 / p13 
256,2.510816580117591,p8 + c0.06089872717571443 / p3 / p26 / p13 
257,3.1803115890644973,p2 - p23 / p19 / p5 * c3.8268507480755143 
258,2.9528546613041176,c1.3826448881227804 / p30 / c1.9796328411464026 + p32 - p4 * p2 / p3 * c0.4707712327079516 / p34 * p27 / p22 / p12 / c2.50354022193507 / p31 
259,8.323363595593985,p1 + p6 / p6 / p1 / c0.3390122888292113 / c1.7244228930211563 
260,6.427103645588186,p16 + p19 + c0.1271460027976129 - p13 - c4.5458855258830235 / p2 / p34 - c0.8794637361037422 * c4.190945618200973 + c3.56646276312756 - p4 + p31 
261,13.163688139746268,p1 * c0.22360133715621566 - p11 + p23 * c1.9154280427902681 
262,45.22098969464564,p1 + p6 / p1 / c0.3390122888292113 + c1.497660191206918 
263,24.276804409344628,c3.546151831213767 / p23 + p14 - p9 / c4.857719000635194 / c2.848061227857051 / p32 + p2 - p33 + p12 - p34 - c2.593784289424991 / p5 
264,4.606363032736765,c0.22360133715621566 + c1.9154280427902681 / p11 + p15 - p27 / p6 
265,14.158010062066351,c0.6099953988245044 / c3.651833482627919 + c0.7772787464800507 - p21 / p34 / c3.160145840434735 + c0.5396614346815948 + p28 
266,51.62507288092921,c1.9154280427902681 / p11 + p15 / p6 + c3.4390523830803588 + p16 
267,14.833301336077255,c0.2113848473077573 - c1.561354958508678 - c0.04542584835552588 / c0.6089527823870361 * p27 + p3 + c1.4227824496469883 * c2.832743607075374 / p14 / c1.079993997286572 + c4.695646587121701 / p3 + p7 / c3.531243225890903 - c3.235072894726905 * c1.7328642903747022 / c4.797643862961424 
268,16.85419908705797,c1.7949146834450076 * c3.131165949557389 / c1.5188900811115313 / p12 + p16 + p8 + c1.0676215215691742 - p21 / p2 - p27 
269,17.45963501533261,p6 - c4.396689522807687 / p0 * p23 + p9 - c3.3041608023650673 - p24 + c4.6478343353497 - c1.0354798572874673 + c4.5779507201864655 - p10 * c4.448556318525912 * p11 / c3.536008714491582 / p19 / p7 + p13 / p10 
270,15.398176248496318,c1.7949146834450076 * c3.131165949557389 / c1.5188900811115313 / p12 + p16 + c1.0676215215691742 - p21 / p2 
271,22.19984367760188,c1.7949146834450076 * c3.131165949557389 / p12 + p16 + c1.0676215215691742 - p21 / p2 
272,10.444792336449158,p6 + p25 * c2.8194517221982784 / p21 * p3 / p26 - c1.7399638234005532 - p28 - p9 / c4.783124127943358 / c3.1875706948425986 / p29 * p13 + p6 * p24 / p4 + c1.6786854469712098 * c2.8369806754308557 - c3.3364285411275967 + c0.9206850307909364 - c2.5844673894250167 
273,31.67999501939888,p6 / p0 + p9 - c3.3041608023650673 - p24 + c4.6478343353497 - c1.0354798572874673 + c4.5779507201864655 * c4.448556318525912 / c3.536008714491582 / p19 + p10 + c3.8583923952297368 / p15 + c4.196773506041857 / c0.9842618676868714 * c1.9557111775526448 / p34 
274,13.967490664850985,p16 / p0 - p12 * c3.576222604531451 / p29 + p25 
275,22.138889468517945,p13 - c3.418442089329426 / c0.8473219004280458 * c1.7707417231727218 / c2.045859935128629 + c4.928117899393259 + c2.1106058309618487 / p10 
276,48.86370098590188,c2.072516530534995 - c4.012067355568854 + c4.9106836594466365 / p13 + c0.7712352040276682 * c3.4411878565718643 / p33 + p28 - p5 / c2.380222297332489 
277,7.262650151411599,c2.072516530534995 - c4.012067355568854 / p13 + c0.7712352040276682 * c3.4411878565718643 / p33 + p28 - c2.380222297332489 + c1.4986150521760377 
278,16.66519791935891,c2.072516530534995 - c4.012067355568854 / p13 + c0.7712352040276682 / p33 + p28 + c1.4986150521760377 * c0.5045831815806123 
279,54.5173812734447,p21 + p19 - p29 - c4.1505037908590205 - c1.3637523446006012 
280,14.91668346838544,p20 - p22 + p17 - p17 + p32 - c0.4565677023313003 - p13 / c2.201944817942918 / c4.3675995435031 
281,61.28663359383085,p26 - c0.4460958497032175 - c4.919645334324541 + p17 - p13 + c2.9890121224560806 * c3.826921481877033 + p1 - p30 * p8 / p3 
282,42.23964042958532,p21 + p19 - p29 - c4.1505037908590205 - p3 + p2 
283,24.24134833308754,c0.4951238190677604 + p10 - p28 / p26 - p26 / c1.754608756660172 / c4.921585316925487 * p5 / p19 
284,6.588305246089956,c0.4951238190677604 + p10 - p28 / p26 - c1.754608756660172 / c4.921585316925487 * p5 / p19 
285,6.64988381019808,c0.06089872717571443 + c3.829370618151135 / p6 * p23 - c3.281930906886159 - p20 / p34 + p2 / p29 * p29 
286,14.652639357648429,p19 / p2 / c3.492809057462956 / p24 * p32 - c1.7038239904871655 + p3 
287,35.91960879359704,c2.045859935128629 + c2.1106058309618487 / c2.75559865384933 - c4.146282289098044 - p5 + p26 + p20 - c2.366743121487424 
288,15.49329100116768,p32 / p24 * c1.0754203935068634 / c2.346530801120843 / p10 + c1.5011893120247277 + p7 - p20 + p17 + p21 - p33 
289,12.285017611848378,c0.4951238190677604 + p10 - p26 - c1.754608756660172 / c4.921585316925487 / p19 - c1.360660664555079 - c0.23863133270820458 + p33 
290,15.107767962475846,p23 + c2.336529529622145 - p23 + p16 / p24 / p9 * c3.85780112460112 - c0.8335022586173402 + p7 
291,9.54483544450596,p23 - p23 + p16 / p24 / p9 * c3.85780112460112 - c0.8335022586173402 + p7 
292,74.95027449358,c1.5088944832851796 + c1.2169906494823461 / c0.4745877590049674 + p8 + c3.4874157264293846 
293,57.63359791817344,c3.250489649972807 - c3.9619762610075875 + c4.085940171379371 / p21 + c4.640127138941726 / p29 + p10 * c3.779652422825384 / p27 * c1.7092614273883067 - p29 - p31 / p15 * c1.6534060053983324 / p32 * p10 + p34 + p11 
294,15.711080376648695,p23 - p23 / p9 - c0.8335022586173402 + p24 - p4 
295,3.0244307962811745,c0.26706201709872424 / p14 * p5 * p9 / p14 / c1.8208170734486044 * c0.1069964778094129 + p6 + p8 - p0 
296,42.99638763318003,c4.2767344981691 * p23 / p15 + c1.5984716121855391 / p21 - c0.5048643121035706 + p30 
297,13.63779316016404,c2.6060319224004203 + p21 - p29 / p18 / p34 * p23 / p27 * p23 / p10 - p11 / p6 * p32 / p15 
298,7.374789484578683,c2.6060319224004203 + p21 - p29 / p34 * p23 / p27 * p23 / p10 - p11 / p6 * p32 / p15 
299,37.06619985227723,c1.9853615477483466 * p12 - c3.0176847848947026 * p26 / p31 / p1 * p5 + c0.4901730391147241 - c0.7751144730468806 - p31 
300,3.656061588617851,c0.9634983550603821 + c0.29506000863710247 + p31 - p16 / p5 
301,22.241938251823928,p15 - p33 / c1.3868253575145544 + p27 - p16 / p7 / c3.2453403586470846 * c2.7064601481091155 
302,3.303356802094412,c0.7052702969792551 / c4.274168452398059 - c2.8885592171956516 / p33 / p7 / c2.9362275714336845 + p11 
303,40.91476379100205,c1.9853615477483466 * p12 - c3.0176847848947026 * p26 / p31 / p1 * p5 - c0.7751144730468806 - p20 - c0.009480621270693268 
304,1.7818863381398633,c0.26706201709872424 / p5 * p9 / p14 / c1.8208170734486044 * c0.1069964778094129 + p25 
305,40.93915198049971,c1.9853615477483466 * p12 - c3.0176847848947026 * p26 / p31 / p1 * p5 - c0.7751144730468806 - p20 - c0.009480621270693268 * c2.450230758214937 / c1.9440737930544005 
306,8.747949160670357,p28 * p23 / c0.9205038353836809 / p23 / p20 * p10 
307,40.93917925051121,c1.9853615477483466 * p12 - c3.0176847848947026 * p26 / p31 / p1 * p5 - c0.7751144730468806 - p20 - c0.009480621270693268 * c2.450230758214937 / c1.9440737930544005 / p15 * p10 
308,7.824548939736196,p28 * p23 / c0.9205038353836809 / p23 * p10 / p26 
309,12.016496036772258,p0 / p23 + p3 + p13 / p29 * p3 / c1.9182365669735957 / p22 
310,71.23333321554296,c1.5345862359283835 - p33 * c0.8663347073984645 + c1.589150330423833 + p11 
311,60.825603658816405,p4 + c4.635669987027801 + c2.6666798683210806 + p6 / p6 + p3 - p17 / c1.5992489733343178 - p24 - c4.935760560114072 + p5 + p14 - p4 - p29 * c1.1038758082887483 + p4 
312,13.403433114311516,p23 + p13 / p29 * p3 / c1.9182365669735957 / p22 - c1.4185722699364667 
313,25.550935323333363,p9 / p14 * p6 - c3.6278916963728913 + p1 / p7 
314,11.809146162061252,p2 - p12 / p34 / c0.3277573564112568 - p30 + p7 
315,6.53612937967544,p2 - p12 / p34 - p30 + p7 
316,5.76048683487832,p11 - p26 / p1 / c0.8395302823143824 / p10 
317,19.646544884520903,p9 - c0.6892582896468641 * c0.40210756147947724 - p14 - p33 / c0.9335729478238786 + p10 + p33 - p30 / p9 / c3.4012008737326243 + c2.4813883130105414 
318,5.372964153131877,p18 - c0.20570610642842213 / c3.5733024025793467 * c4.221128142674448 / c2.176127472359681 + c4.416003335444383 / p25 / p15 / p5 
319,2.055021685809924,p18 - c0.20570610642842213 / c3.5733024025793467 * c4.221128142674448 / c4.416003335444383 / p25 / p15 / p5 
320,10.39206375324094,p13 / p29 / c1.9182365669735957 / p22 - c1.4185722699364667 + p30 + c2.4295933804031544 
321,2.0551524910811723,p18 - c0.20570610642842213 / c3.5733024025793467 * c4.221128142674448 / c4.416003335444383 / p25 / p15 / p22 
322,2.14843528984878,p18 - c0.20570610642842213 / c3.5733024025793467 * c4.221128142674448 / p25 / p15 / p22 * p33 / p6 
323,2.208979636777698,p18 - c0.20570610642842213 / c3.5733024025793467 * c4.221128142674448 / p25 / p22 * p33 / p6 + c3.923776044329142 / p14 
324,8.588608631141229,c0.8227469485806382 - c0.3855484213372157 / p16 / c4.184031297633682 * p3 - p23 + p3 + p18 
325,10.106382083650898,c0.8227469485806382 - c0.3855484213372157 / c4.184031297633682 * p3 - p23 + p3 + p18 
326,5.480602141694209,p14 / c0.9335729478238786 / p34 / p6 - c2.239868515272771 / c2.9918644895885507 / p24 + p10 
327,18.39914718350675,c0.04764683488989063 / p22 - c4.1636264841117026 * c2.0794899897199075 / c4.474835622705678 + p21 
328,2.2943683170390194,c1.4323197959852578 * p18 / c3.7974315927398 / p14 / p18 + p17 - p24 + p24 
329,4.057737868717712,p25 + p30 - p7 + c2.845766277102003 / p28 / p16 / p10 / p7 
330,3.4838305169871493,p25 + p30 - p7 + c2.845766277102003 / p28 / p16 / p10 / p7 / p32 
331,4.073833542234209,p25 + p30 - p7 + c2.845766277102003 / p28 / p16 / p7 / p32 
332,3.5065730581740464,p25 + p30 - p7 + c2.845766277102003 / p28 / p7 / p32 / p8 / p7 
333,5.696318533330057,c0.04764683488989063 / c4.1636264841117026 * c4.474835622705678 + c0.45807658034606735 + p23 
334,2.7611111547790266,p25 + p30 - p7 / p28 / p7 / p32 / p7 / p18 - p8 
335,9.99502147662398,p1 / p5 - p5 / p0 * p15 / c2.9844757402975115 / p9 / c2.222531565884964 / p9 + p22 / p15 * p25 
336,3.270959810624529,c3.656519894051558 + c0.6984742355044832 / p34 * c0.3975293255381851 / p2 / c4.98360534991092 - c4.977701729404585 + c1.6125593267581424 + p33 
337,14.637966842622976,p30 - p28 / p32 / p18 * c3.874029563729677 
338,6.8079715318992085,c0.49960646375044937 / p27 - p14 + p6 + p4 
339,2.1038174587629754,c0.6984742355044832 / p34 * c0.3975293255381851 / p2 / c4.98360534991092 + p33 + p28 / p28 * p13 - p0 
340,48.14421762805928,c3.9935645715093644 + p30 + c4.7834619731136145 / p1 / c1.9518354136335014 
341,39.2636650238606,c0.8227469485806382 * p18 / c2.7861630363465553 / c2.5919707905193583 - c2.993304721927426 + c1.2857910482830892 * p0 / p31 * p10 
342,7.376955490912806,p5 - p5 / p0 * p15 / c2.9844757402975115 / p9 / c2.222531565884964 / p9 + p22 / p15 * c0.31038932552942544 - p11 / p8 + p33 - p10 
343,2.324553049571999,c0.04764683488989063 / c4.1636264841117026 * p23 / p4 * c0.9936426323021036 + p16 
344,9.637937276041834,p32 - p26 - c3.1891315893545915 + c1.8517688808450905 - p16 + p21 + c2.1974765571480246 + p4 + p3 - p29 - c0.7699783561869233 
345,2.2677497299541334,c0.04764683488989063 / c4.1636264841117026 * p23 / p4 * c0.9936426323021036 + p16 - p6 + p10 
346,2.267767731463146,c0.04764683488989063 / c4.1636264841117026 * p23 / p4 + p16 - p6 + p10 
347,3.3439751717134496,c0.04764683488989063 * p23 / p4 + p16 - p6 + p10 * p3 / p25 
348,48.16901954743889,c4.29758242288341 + p22 / p17 / c2.5265541839875505 - p5 / p32 * c1.3300576001572095 + p12 + p18 + c1.4242453155300767 - p33 - p32 + p20 + c3.2530792545063236 / p4 / p0 
349,78.83341737275244,p24 * p26 / p34 / c3.498432825420168 - c0.7833124342303072 
350,13.190069384802277,c2.0233942691532887 + p0 / p33 / p26 - c1.0505529245950462 / c3.9679356500256406 * c3.9162861328660177 + p17 
351,39.02743982891039,c3.9726092594151003 - p3 * c1.4887125953839786 / p19 + p7 * c1.0646976704252575 - p15 / p6 / c4.491272790346234 - p31 + p6 
352,33.66453359482694,c3.9726092594151003 - p3 * c1.4887125953839786 / p19 - p15 / p6 / p31 + p6 
353,9.330634426287602,c3.9726092594151003 / p19 - p15 / p31 + p6 
354,9.330634426287602,c3.9726092594151003 / p19 - p15 / p31 + p6 
355,26.7734835848588,p7 - p25 - c2.5958078738985826 - p1 * p6 / p21 / p16 / p14 * p6 / p17 / p31 + p8 + p10 / p19 / c4.031134906511026 
356,32.78630778656824,c0.49960646375044937 - p6 * c0.3887651611494086 / p17 + p32 / p25 + p1 / p32 * p12 / c3.3235059581520705 * c1.9691605650366983 
357,5.016700315659524,p22 / p2 + p27 - p1 * c1.3398418125589018 / p17 
358,65.14130305808868,p5 / p8 + c3.4679391634867422 + p13 / p25 / p19 - c0.6767783892864537 * p15 + p22 
359,37.2123178314578,c2.2190553590645807 / p31 * p3 * c0.28211121060847555 - c4.26716813801615 + p22 
360,3.8413733087546857,c2.2190553590645807 / p31 * p3 * c0.28211121060847555 - c4.26716813801615 + p16 + c3.3360451015275805 
361,29.40481039950441,p30 + c2.163936482873768 - p21 / c4.595438303828843 + p27 / c3.304421305712933 
362,36.15915620818668,c2.2190553590645807 / p31 * p3 * c0.28211121060847555 - c4.26716813801615 + p30 
363,4.635180206946281,p25 * p27 / p33 / p33 * p10 + c0.1221687311615488 
364,15.239687498455204,p30 + c2.163936482873768 / c4.595438303828843 + p27 / c3.304421305712933 + c0.19753337421832773 - p27 + p28 / c1.9678451886020127 
365,20.273919813407844,p16 + c0.7964368791756915 - p28 / c4.107599676588373 / p32 - c2.6528068902475708 
366,6.6830025639456085,p13 + c1.2854494007416344 + c1.6244143058204208 / c1.229474845233559 / p8 + c2.523991085596482 - p17 / p18 / p30 - c3.3537327163696067 
367,3.0088371276581296,p1 + p17 + c2.0128848986670484 * c0.0004435877521158371 - p20 
368,2.8006085406938843,p23 + c0.41156198926960985 + p25 / p17 * c0.6586799809617555 / p12 / p25 / c2.611165663155375 / c4.587762934339318 / p11 - p6 / p31 / p7 
369,3.730381882571456,p23 + c0.41156198926960985 + p25 / p17 * c0.6586799809617555 / p12 / p25 / c2.611165663155375 / c4.587762934339318 / p11 - p6 / p31 / p7 / c3.1125824435857217 
370,4.417428881785646,p23 + c0.41156198926960985 + p25 / p17 * c0.6586799809617555 / p12 / p25 / c2.611165663155375 / c4.587762934339318 / p11 - p6 / p31 / p7 / c3.1125824435857217 * c0.3922057877883872 
371,43.14989436598841,c1.6244143058204208 / p30 - c3.3537327163696067 - c2.356304208010809 + c1.2971687734876243 * p3 
372,20.253106650295493,c0.9068835923688245 / p17 / p12 + c3.371290918485405 - c4.4722683620387285 - p22 / p28 - p0 + p15 + p32 
373,3.1276260629562405,p1 + p17 + c2.0128848986670484 * c0.0004435877521158371 - p20 - c2.156422975690991 / c0.22419714535364454 / p7 / p34 
374,15.793895707468376,p5 / c4.0747045493489455 - p17 / c2.499545665198287 + p25 - p23 / c3.0461403046555557 / c4.337481130145628 / p27 
375,13.51499297038134,p5 / c4.0747045493489455 - p17 / c2.499545665198287 + p25 - p23 / c3.0461403046555557 / c4.337481130145628 / p27 + c0.2294640030797923 / p32 * p20 
376,14.043096824274878,p25 * p27 / p10 / p31 / p15 + p2 / c1.0194654158773009 / p31 + p31 
377,13.305232609730853,p5 / c4.0747045493489455 - p17 / c2.499545665198287 + p23 / c3.0461403046555557 / p27 + p27 
378,38.4669898454052,p3 / c2.138051252015938 - p15 + p31 - p22 / p11 + p7 
379,31.425659970562265,p21 + p16 / p30 - c1.5683216006449867 + p31 - p23 / c1.5322046836412357 
380,23.850055524858224,c0.9908646822993872 + p3 * c0.08564565675477032 / p6 / p29 * p15 / p23 + p30 / c1.7640570050848337 * c3.793074082846096 - p6 
381,15.884825217725997,c4.5458855258830235 + p25 - c4.424691097128582 - p25 / p13 - c1.8944789541587275 / p2 
382,38.94749781164814,c4.5458855258830235 + p25 - c4.424691097128582 / p13 / p2 / c1.2897963560128334 
383,4.755819020126642,p5 - p33 + p20 / p14 / p5 * c0.371512898941343 - c3.5972666224216847 * p22 / p5 / c4.174667652442438 / p14 - p8 / c4.0292189979903315 / p15 + p21 
384,15.218643101432844,c4.5458855258830235 + p25 - c4.424691097128582 / p2 / p21 - c1.208922611532493 - c1.3259324339986578 / c1.275112459667083 
385,79.43387088517059,c2.0170152237351715 - p16 - c3.1678669531157477 + c2.5758243404510797 * p30 + c3.460938369565075 
386,39.27722750277134,p34 / p12 * c0.6027204298655819 / c4.627142903678752 / p14 * c0.17579525410252983 / p15 + p32 * p11 * p21 / c3.9840231172243707 / p25 * c1.7114783649696634 / p6 + c1.0883856766181665 / c3.8319124032228755 + p10 / c1.0701670329615292 
387,18.04305589579752,c0.9068835923688245 / p17 / p12 + c3.371290918485405 - c4.4722683620387285 - p22 / p28 - p15 + p32 - c4.61312161088315 * c0.05737928128876357 + p19 / p26 / p29 * p28 / c2.066753393779571 + p8 
388,57.22396197061242,p2 + p14 + c3.1360543754849157 * c1.8430602839218135 - p4 
389,20.05011292473128,p2 - p29 / c2.3054965371822207 / p14 / p30 * c0.022370312617272514 - c1.8846034721290028 
390,5.602802981499094,p20 + c0.8532151128977433 - c4.264342271588583 / p7 / c0.5896089484227668 + c4.350805429447847 / p10 * p18 / p32 / p20 + c4.164108303475228 * c3.7187436991248517 * p10 / c2.944013026844063 / p8 / p18 - c1.335673084942976 
391,1.754910234447608,p6 / p6 - p17 - p22 / p27 + p17 + p23 
392,2.890533558190044,p2 - c2.3054965371822207 / p14 / p30 * c0.022370312617272514 * c1.761032306443342 
393,3.0275796307669536,p2 - c2.3054965371822207 / p30 * c0.022370312617272514 * c1.761032306443342 
394,3.1046028429973256,p2 - c2.3054965371822207 / p30 * c0.022370312617272514 * c1.761032306443342 * c1.3756881862866777 
395,2.89120190689708,p2 - c2.3054965371822207 / p30 * c0.022370312617272514 * c1.761032306443342 * c1.3756881862866777 / p24 
396,2.8928517333972774,p2 - c2.3054965371822207 / p30 * c0.022370312617272514 * c1.761032306443342 * c1.3756881862866777 / p24 * c1.673972494409 
397,3.1635375684283686,p2 - c2.3054965371822207 / p30 * c1.761032306443342 * c1.3756881862866777 / p24 * c1.673972494409 * p13 / c2.438224310450628 
398,5.957335774121425,p23 - p30 / p34 - c1.486365907550642 / p32 / p31 
399,29.46335635885929,c1.8625391433206018 + p18 * c1.1201292555634152 + c3.0827866536365005 / p25 - p7 * p27 / p33 / c2.2453676381907894 / p33 * c4.422875738484888 - c4.755575668992292 
400,13.005771211018429,c2.3134689797154557 / c4.0171540583565415 / c0.5084443870664296 * p18 / p5 * p33 - c1.9671300399688652 / p24 
401,2.403484346237496,p16 + p4 / p19 / p9 
402,10.831996876794427,p5 - p26 / p20 
403,15.131871912192496,c2.56877328273596 / p5 / c4.491557578785424 * p30 / p30 / p12 * p15 * p8 - c4.696822235727476 / p22 - p10 / p32 / c4.502076198468538 + p21 
404,10.947178926111796,p15 / c2.287154400440235 / c4.018645383975062 + p20 
405,23.712384953843628,p16 / p31 / p15 + p20 - c1.162926221785015 * c2.3513529881061643 
406,1.4523767136449195,p26 * p32 / p25 
407,2.0299667374660166,p28 - c2.2537509264422315 / p22 + c2.035445371107204 / p8 
408,3.2361698433234403,p2 - c0.452613855861142 / p11 + p12 / c3.692146611113417 / p2 / p3 
409,1.999638660939204,p15 / p16 * p21 
410,3.3766169661089203,p11 - p17 + p2 
411,1.8234578374472568,p15 / p16 * p30 
412,2.0321892846349408,p13 - p13 + p20 
413,1.8234578374472568,p15 / p16 * p30 
414,4.599094518732047,p1 / p24 + p30 / p32 * p25 
415,3.290861606720382,p15 / p16 * p7 
416,3.655316426741924,p1 / p24 + p25 
417,4.851627427249239,p26 - c1.7412996125334317 / c3.60106420547115 
418,4.009262604016065,p7 + p15 + c0.35977820727611354 / c3.660191474585739 / c4.623448924362345 / p28 * p32 * p2 / c1.7850518960591861 + c0.5040909751085021 - c0.3408738632822883 - p21 
419,4.4829308393223775,p28 - p12 / p23 / p18 
420,2.475045349883825,p29 - c4.7908547338683505 / c4.819785363599621 / p29 / p20 / p23 - p34 + p33 
421,2.486705127448369,p29 - c4.7908547338683505 / c4.819785363599621 / p29 / p23 - p34 + p33 
422,2.053925755655539,p1 / p6 * p27 
423,2.7633511284575705,p4 / p9 - c2.6573816949237443 * p16 / p26 + p6 + c1.6853829929150184 
424,3.010850662099641,p16 - c0.251514008402699 / c0.8836038067175978 * c0.709110145993655 
425,4.497006988038232,p32 / p31 / p16 + p12 - c1.1297716745711046 * c1.319020770912938 / p6 / p10 - p7 / p9 
426,6.179658741698078,p32 / p31 / p16 + p12 - c1.1297716745711046 * c1.319020770912938 / p10 - p7 / p9 
427,3.1436706713453804,c3.5844621399047667 / c4.233633307701275 + p13 - p26 / p13 
428,5.423532192033525,p28 - p12 / p30 * c2.4911500135704627 / c4.914047311092123 
429,3.057204133400635,c3.5844621399047667 / c4.233633307701275 + p13 - p26 / p6 
430,2.6215709374730047,c1.8828990216301782 * c0.21329675283673077 / p9 + p32 * p30 / p7 
431,8.619996746831085,c3.5844621399047667 / c4.233633307701275 + p13 - p26 / p9 
432,8.673727466184932,c1.8136124392218056 / p18 * c1.7629374480094344 / c1.3953115405340872 / c3.6451179898237345 + p16 + c0.49746030695500376 
433,6.765627329276034,c0.7019636470448043 + p32 + p18 / p9 / p7 
434,4.226035930678722,p20 + c0.5372909388092972 / c3.2859521616713754 - p26 + p1 
435,3.283815547720008,p28 - c3.6452999675086217 * c4.099713054498987 / p14 
436,2.297203773682684,p17 + p5 - p2 
437,2.7603133866295577,p30 + p15 - p7 + p16 - p18 
438,3.631672027005784,c1.0945273936209643 / p5 + p3 - c1.520373189837505 / p15 
439,2.33920914929564,p2 * p20 / p0 
440,2.33920914929564,p2 * p20 / p0 
441,2.33920914929564,p2 * p20 / p0 
442,15.387949698371289,p21 - p23 + c1.7064089178543707 - p16 / p14 / p30 * c2.816845025042773 + p21 - c0.3217380038771084 
443,1.1370821546206926,p33 + c1.7706943360472565 / p24 
444,1.0640417992535245,p33 + c1.7706943360472565 / p24 / p27 
445,3.3978323703294024,p10 * p8 / p16 + p23 / p20 * c2.3510099749023605 * c1.0562830347878323 / p2 * p6 / p24 * p11 / p12 
446,3.290074643251549,p20 + p27 * p34 / p29 / c4.628202874641229 / p25 
447,5.2546849245195455,p10 * p8 / p16 + p23 / p20 * c2.3510099749023605 * c1.0562830347878323 / p2 * p6 / p11 / p12 / p11 
448,4.88655815046968,c0.6991629702422797 - p14 / p14 + p7 
449,2.70041812829904,c0.6991629702422797 / p14 + p7 
450,2.572897976974751,p10 + p13 - p12 
451,2.5307319458220534,p17 - p16 - p17 + p8 + p18 
452,2.70041812829904,c0.6991629702422797 / p14 + p7 
453,2.365615605872794,p30 + p11 / p18 * p28 - p31 
454,7.921423332067004,p20 + c0.6399200259541948 / p29 / p10 + p20 - p11 - c1.6856666318334201 / p21 
455,2.049946074202691,c0.6991629702422797 / p14 + p22 
456,2.868225624279883,p13 - p33 + p30 
457,2.8814191865886927,c0.6991629702422797 / p14 + p2 
458,2.8814191865886927,c0.6991629702422797 / p14 + p2 
459,2.8814191865886927,c0.6991629702422797 / p14 + p2 
460,2.912891349199604,c4.828070812283202 + p0 - c4.853996910489607 
461,7.510053765985175,p31 + p5 + p12 - c1.4627449561976107 / p18 / p5 + p30 / p17 - p0 - p1 
462,3.20447956132208,p2 * p12 / p3 * p18 / p3 - c0.051232286612822864 / p30 
463,9.463909611644624,p28 * c0.7503269211626173 / p32 / p11 / c2.568691917232242 - p12 / p30 + p8 
464,5.005883381127774,p20 + p24 / p28 / p19 
465,2.9158318887920704,p28 * c0.7503269211626173 / p32 / p11 / c2.568691917232242 - p12 / p30 + p8 / p10 + p12 
466,2.128553997053952,p13 + p25 - p12 
467,2.993872680633668,p15 + c0.32238819032947785 / p0 
468,2.866928555558589,p27 - c0.12133520396827913 + p10 / p9 / c1.0846310438837143 - p30 / p34 
469,2.1478306468004886,p3 * p18 / p3 - c0.051232286612822864 * p2 / p0 
470,2.2189214752697684,p21 - p12 * p20 / p22 + p10 
471,1.80875489055816,p27 - c0.12133520396827913 / c1.0846310438837143 / p34 
472,2.6926099453956325,p3 - c2.0873557927106297 / p34 / p26 / p14 * p2 * c4.856054014965327 
473,3.197951308472088,p3 - c2.0873557927106297 / p34 / p26 / p14 * p2 * c4.856054014965327 * p16 
474,2.6933450577370155,p3 - c2.0873557927106297 / p34 / p26 / p14 * c4.856054014965327 * p16 
475,2.715803307178096,p11 * p1 / p6 
476,3.260092020389909,p15 + p1 * p32 / p27 - p20 
477,2.8405423298365298,p12 * p25 / p21 
478,2.8405423298365298,p12 * p25 / p21 
479,3.3207027171117143,c2.0873557927106297 / p34 / p14 * c4.856054014965327 * p16 + p3 
480,2.172547026456726,p28 - p22 + p28 
481,11.549784563201268,p30 / p17 + p6 
482,2.349799902573019,p21 * p31 / p6 
483,2.349799902573019,p21 * p31 / p6 
484,2.349799902573019,p21 * p31 / p6 
485,2.349799902573019,p21 * p31 / p6 
486,2.064045657261174,p31 / c4.52715178230073 * c2.352775805697264 / c4.966419771317171 / p2 / p3 / p29 + p22 
487,1.710211671965599,p27 + p21 - p23 
488,2.0122584569886826,p22 - p15 + p11 
489,2.163978918080502,p33 * p0 / p12 
490,1.4226820484305318,p11 / p29 / p24 + p32 
491,2.388796083485811,c0.6822831409465802 / c3.205341272901477 + p32 
492,1.754953945603834,p31 - p21 / p16 * p31 + p28 
493,1.4410588432180904,p31 - p31 + p28 
494,1.7141711919955551,p28 / c2.796621136761633 + p7 / p8 / c1.552672528768012 * p25 
495,11.724848883355714,p2 - p32 / p17 + p10 / p2 + p22 / p23 - c2.0251573041761803 
496,1.7141711919955551,p28 / c2.796621136761633 + p7 / p8 / c1.552672528768012 * p25 
497,16.69093600080556,p8 + c0.3647902876069642 * c4.478317663469909 
498,9.96835627539084,p7 + p12 / p3 
499,6.217156691366775,c1.2529021424499998 / p8 + p8 
500,6.217156691366775,c1.2529021424499998 / p8 + p8 
501,3.5252249421969104,p22 / c2.708467413206497 * p7 / p11 * c2.8522136317686337 
502,6.022369077775892,c3.883807481604294 + p28 - c3.3209401715700775 
503,6.217156691366775,c1.2529021424499998 / p8 + p8 
504,1.4430715866756845,p32 + c0.23910047854142635 * c4.119769647986453 / p19 
505,2.217115389266042,p16 - p15 / p9 / c3.408239561956715 
506,2.476263385927813,p18 * c2.1909508463707175 * c2.773832006823448 / p16 * p16 / c4.276832464121652 - p3 / c2.4364560809711415 
507,9.45794666364985,p4 - p29 + p11 
508,9.45794666364985,p4 - p29 + p11 
509,1.55923132889917,c2.095497774147854 / p29 + p28 
510,3.6700379403662167,p16 - p15 / c3.408239561956715 / p10 
511,2.0436930200832486,c2.095497774147854 / p29 + p26 
512,3.2981968631720573,p12 - p0 / p7 + c3.5729133071227044 * p10 / c2.9262834880424 / p8 
513,14.085220632838771,p26 + p10 / p3 - c2.479842028874788 
514,20.71162055169625,c1.2010400615340733 - c1.3135805370894622 / p15 / p7 - p20 + p11 + p28 + p21 / p20 
515,5.73512897803534,p8 + p3 - p30 / p17 * p25 - c0.14225380139266108 
516,16.24094406731194,c4.505606223489208 / p10 + p32 
517,25.84861401093106,p11 / c0.6024579980539235 + c1.2835667179534465 - p12 - c0.29675268567493085 
518,3.932347087073678,c0.6714926649825403 / p32 + p20 
519,3.932347087073678,c0.6714926649825403 / p32 + p20 
520,2.937129939920656,p15 / c3.408239561956715 / c2.651249980254135 / p31 + p10 
521,4.40319848933291,p20 * c1.521755750288134 / p19 + p22 
522,2.035556236613905,c1.521755750288134 / p19 + p22 
523,2.314028069147531,p32 / p15 * p0 
524,1.830742213870036,c1.521755750288134 / p19 + p23 
525,2.5283409807085064,c3.654867994795958 / p20 / p29 + p12 
526,1.8239978939556336,p15 / p20 * p30 
527,1.8239978939556336,p15 / p20 * p30 
528,3.733259369644008,p30 - c0.7066296411791795 * c3.238008450154666 / p15 / p21 / c4.91995473951239 + p24 / p33 / p9 
529,3.6961376783068247,p7 + p5 / p14 + p31 / p27 / p24 / c4.075429798485445 
530,2.708612807190382,p7 + p5 / p14 / p27 / p24 / c4.075429798485445 
531,2.7081134487245166,p7 + p5 / p14 / p27 / p24 
532,3.1652079977002727,p21 - p27 + p20 
533,3.667467514381914,p19 + p13 - p24 - p24 + p24 
534,2.976410058791257,p8 * p23 / p27 
535,2.2759441242907217,p13 - p24 + p24 
536,2.2759441242907217,p13 - p24 + p24 
537,2.662532911976918,p17 - c3.8887882827020936 / p29 
538,2.583465942382766,p8 * p13 / p5 
539,2.662532911976918,p17 - c3.8887882827020936 / p29 
540,2.662532911976918,p17 - c3.8887882827020936 / p29 
541,2.3971521301942564,p25 + p8 / p9 / c2.0694389158603728 
542,1.517294435542713,p33 - c0.1843493930328688 * c0.49570066475768837 
543,2.3164437795740502,c4.042334808653719 / p29 / c3.7857243973150934 + p13 
544,2.499186916768087,p8 + c0.03473723679033314 * p30 / p14 
545,3.6214657501870353,p21 - p27 + p3 
546,2.1732406591085085,p31 - p0 / p12 / c2.8673692653008915 / p0 
547,1.4871020820810743,p33 * p13 / p11 
548,1.4871020820810743,p33 * p13 / p11 
549,2.298756899646853,p16 / p31 * p32 
550,1.8084956309754727,p33 * p13 / p11 - p10 + p1 
551,1.7917110337015143,p1 / p6 * p33 + p18 - p25 
552,2.4175585676690163,p25 / p5 * p11 - c0.03479938389529036 / c4.8943661270232015 
553,2.9366959185262784,c3.9802444926124507 / p14 / p16 + p0 
554,10.524913731104318,c1.0624326702558218 * p30 / p2 + p17 
555,2.082876085086008,p12 * p26 / p17 
556,2.6847233959104977,p17 - p5 + p16 
557,9.353781223160338,p27 + p17 / p31 
558,8.289852126153981,c1.9274929503167115 * p30 + c0.00897120785833705 / p31 / p29 / p32 * p23 - p26 
559,2.119180879167247,p8 * p26 / p15 
560,5.258073879401726,p6 - c0.5077137645338192 / p7 * c1.9285939920486317 
561,3.7914055404386775,p6 - c0.5077137645338192 / c1.9285939920486317 
562,3.748975957303461,p3 / p31 / c4.439440180126865 + p8 
563,3.0469859703921784,p10 + p27 - p26 
564,3.637623387263799,p17 + p7 - p1 
565,9.709144560990929,c4.180386090614862 / p9 * c4.028145314151113 * c3.2044500966128133 * c2.259385702078865 + p25 - c1.4347082213689495 
566,3.284399888332036,p27 + c1.1526951521303257 * p7 / p34 
567,3.637623387263799,p17 + p7 - p1 
568,5.091428024686845,p27 + c1.1526951521303257 / p22 
569,2.260608609148201,p27 - p26 / p11 + c1.1475438791959125 
570,3.857242286945788,c0.5077137645338192 / p10 - p25 * p13 * c1.830544087414863 / p1 / c3.5231955418392507 / p0 + c0.48956432751326884 + p5 
571,3.0264791018005286,p22 / p6 * p18 
572,7.561975519635769,c1.0521808521494602 - c0.6075096755269316 / p17 * p30 * c2.902231107067748 + p11 
573,6.066407997911187,c1.0521808521494602 - c0.6075096755269316 / p17 * c2.902231107067748 + p11 
574,1.5077265628342724,p13 / p16 * p33 
575,1.5077265628342724,p13 / p16 * p33 
576,2.7056841027417047,p3 + c3.4784373220325913 / p18 / p29 / p17 / p27 
577,15.036296789646036,c1.9274929503167115 + p22 - p8 / p30 / p1 
578,10.699574499676922,p17 / p30 + c2.6584702983958493 * c0.47275736503760657 - c2.3617418131986017 - c2.275299907598003 / p21 + p3 
579,5.5837076087839606,p32 - c0.7084115840276972 + c1.2984710496682839 
580,2.764476741821236,p18 / p31 / p24 / p21 + p6 
581,4.654024923421591,c1.8136124392218056 / p4 / c1.768607175115748 / c1.790352735963311 + p3 - p32 * p16 / p15 + p15 
582,4.097494355730675,p14 - p9 - c1.2413976329659149 + c0.9120068557288974 + p3 + p2 / p2 / c3.2318229854488005 
583,2.8887539932004414,p2 - p14 + p14 
584,4.678374787866865,p0 + c2.880818076431442 - c3.1926123354728944 
585,7.637850001379897,p27 / p3 - c3.241093522985903 / p3 + p16 
586,9.945644753055682,p12 + p33 / p20 
587,7.947020194978008,p12 + p33 / p20 * p1 - p0 + c0.7516962248889308 
588,8.626665307174894,p23 - c2.1252511520970674 * p30 / p32 / p1 
589,3.7255838772915695,p23 - c2.1252511520970674 * p30 / p32 / p1 / c3.0747538446646585 
590,2.062981647917356,p20 - p9 / p24 / p29 
591,2.0882280461126266,p20 - p9 / p24 / p29 * c1.7092059199224852 
592,2.1870888239058384,p23 - c2.1252511520970674 * p30 / p1 / c3.0747538446646585 / c2.3673608425293065 / c2.9184975551391186 
593,9.925404792618725,p23 - c2.1252511520970674 * p30 / p1 / c3.0747538446646585 / c2.3673608425293065 / c2.9184975551391186 * p20 
594,3.044269498753422,p33 / p2 * p33 
595,4.04136588157585,p16 + p34 / c4.022264301695829 / p29 - c3.0440338053382088 / p18 / p4 
596,3.710818995448363,p30 + c1.529734069242984 / p18 / p30 - c0.5557069913053381 
597,3.900964588980488,p12 * p3 / p21 
598,3.900964588980488,p12 * p3 / p21 
599,2.528399745255682,p11 - c3.557609290083739 / p14 / p28 / p22 * p23 
600,11.457514755454628,p18 + c0.10728713499491227 + p0 / p5 
601,3.900964588980488,p12 * p3 / p21 
602,2.052331670495984,p22 + c0.5752010630218224 / p19 
603,1.5032928700133836,p28 + c2.848012993958673 / p34 / p7 
604,2.052331670495984,p22 + c0.5752010630218224 / p19 
605,2.324648090032168,p22 + c0.5752010630218224 / p19 * p30 
606,2.052331670495984,p22 + c0.5752010630218224 / p19 
607,2.2115819003513906,c3.286988601359023 - c1.6071826979986903 + p15 + p23 + p17 - p15 - p3 * p18 / p6 - c1.8090858007877682 + c3.5701469380337407 * c3.8745631269145124 / p9 / p18 
608,3.170406906317231,p6 - c0.5149512541491674 / p20 / p32 
609,2.3832588848468945,p22 - p10 + p15 
610,2.3832588848468945,p22 - p10 + p15 
611,1.5069546459380796,p33 / p18 * p15 
612,3.631905808710529,p21 + p5 / p0 / p15 / p31 
613,2.404759945690176,p22 - p10 + p28 
614,11.176484622008283,p21 + p5 / p0 
615,2.1117092627577505,p22 - p10 + p31 
616,8.061578556717015,c4.727493363952907 * p7 / c4.341582243240193 
617,10.556246175465551,c0.6714926649825403 * c4.622301271433727 * p8 / p9 + p26 
618,7.587654694453881,c2.9410163262473583 * p5 / p8 * p6 - p18 - p18 
619,3.0461978866178163,p21 + p3 - p25 
620,10.91272987189067,p16 * p0 / p30 - p6 / p6 
621,2.919570380076445,c0.5149512541491674 / p32 + p30 
622,2.919570380076445,c0.5149512541491674 / p32 + p30 
623,5.38663987360157,p10 - p3 / p5 / p7 
624,2.919570380076445,c0.5149512541491674 / p32 + p30 
625,13.093389203100408,p13 / p34 / p8 * p5 + p22 / p11 * c1.0318046084300259 + p30 
626,2.587326972080924,p12 - p7 / p21 / p9 
627,2.0577152909397824,p21 / p20 / p34 * c0.24151644075635137 * c0.6491358028441041 / p14 * p18 + p22 
628,3.4573910664564216,p13 / p34 / p8 * p5 + p30 
629,1.8587095311562856,p28 + c1.223796183094465 - p7 / p12 - p25 + p23 - c3.30218611945676 / p9 - c0.08788183879009981 
630,2.151400414561908,p13 / p8 * p5 + p30 - p6 
631,2.073319783466419,p17 / p12 / p9 + p20 
632,2.866587834949596,p17 - p11 + p10 
633,2.789488087158128,p5 - p0 / p20 * c3.5625192009935707 / p9 
634,2.110544061292461,p10 - p3 + p23 
635,2.308408044337967,p15 + p22 - p20 
636,2.308408044337967,p15 + p22 - p20 
637,1.0765403861695328,p33 - p13 / p18 / p4 
638,16.83563297164488,p33 - p12 / p24 + p8 - p5 + c1.9872302553175563 + p25 / p24 / c2.97382176086748 - c3.480748493975052 
639,2.797148130587596,p5 - c3.5625192009935707 / p9 
640,2.50939697661823,p27 - p21 + p6 
641,1.93563205216857,p32 + p6 / p3 * p30 / p20 * c0.26059964862252427 / p27 
642,1.841696591999822,p16 * p32 / p8 
643,1.841696591999822,p16 * p32 / p8 
644,3.28060756584942,p16 + p21 - p0 + c0.09868190117249542 / p9 
645,2.296755649369618,p30 / p16 * p1 
646,2.296755649369618,p30 / p16 * p1 
647,1.6115568284948798,p12 / p34 * p0 / p20 / p30 + p31 
648,2.296755649369618,p30 / p16 * p1 
649,3.1088076743183044,p22 + p2 * p7 / p13 / p24 
650,3.095492685370253,p6 * p15 / p7 
651,5.3493453053381,p8 - p0 / p8 / p15 
652,4.591354684062232,c1.0236871738303837 * p8 * p11 / p10 + c3.863770506935489 / p14 
653,3.64712191252527,p11 / p9 - p20 + p16 + p27 
654,4.635390300570019,c0.8919934090672793 / p0 + p18 
655,1.826517424041896,p1 / p15 + p23 - p17 / p27 
656,4.635390300570019,c0.8919934090672793 / p0 + p18 
657,5.603148236575972,p0 - c1.5691012544923248 - c1.4552478682703112 - p2 / c4.053771214618243 / p27 / p19 * c2.361413787396912 / p0 * p34 * c3.9068717831670297 / c3.1337820506468472 + c2.9072809876808634 
658,14.596621190222503,p8 / c2.110538397561082 / c3.3290016505695808 * p1 / p27 + p20 
659,7.920860989006393,p26 - c4.677916442438204 + c4.03775350339065 / p16 + p7 / p30 * p21 - p0 + c0.3360554359859419 + c2.785586935790638 
660,6.325254233795233,p22 - c2.7864538275067523 + c2.288760242535934 
661,2.228084368901147,p22 + p9 / p19 * c0.10107440718128247 
662,6.325254233795233,p22 - c2.7864538275067523 + c2.288760242535934 
663,3.057529998058181,p18 - p7 * p26 / p7 + p16 
664,11.294786395322353,p16 / c0.9020652531886841 - p30 + p7 
665,2.6581898717438794,p28 * p27 / p16 
666,6.336003582643166,p22 - c2.7864538275067523 + c2.288760242535934 * p15 / p30 
667,2.5989607289389056,p28 * p27 / p10 
668,2.48981889206709,p21 - p15 + p2 
669,3.366666370001396,p30 / p26 / p6 / p27 / p11 + p3 
670,3.973751122947416,p30 / p26 / p6 / p11 + p3 
671,3.337563423294285,p0 + c0.24447581164790566 / p13 
672,17.22907700716776,p28 * p27 / p10 / c0.5405548424773327 - p0 
673,3.9736491207161904,p25 - c1.2970157566750884 / c4.044827993888502 
674,3.9736491207161904,p25 - c1.2970157566750884 / c4.044827993888502 
675,3.9736491207161904,p25 - c1.2970157566750884 / c4.044827993888502 
676,3.9736491207161904,p25 - c1.2970157566750884 / c4.044827993888502 
677,2.332037937263676,p25 - c1.2970157566750884 / c4.044827993888502 / c2.671779825134438 
678,4.970064586721636,c0.06684755275694398 * c2.4275443923580675 + p13 - c1.4622827078020046 / p34 * p3 
679,2.7527770680646007,c3.754329913340924 + p32 + p18 - c3.6960260378248435 - p1 
680,5.027307898730693,p17 * p5 / p28 + p17 - p27 
681,9.863302324155722,p25 / c2.943807767651119 / c3.8613301633218526 + p26 
682,2.370888061792673,c1.0784101431258648 + p18 - p28 / p17 
683,6.192048409389198,p30 / p26 / p3 * p20 / p12 + p16 - p2 / p30 
684,5.465840010723955,c0.7952583727547413 - c2.6012761905179387 / p8 + p27 
685,9.946003000060747,c2.6012761905179387 / p8 + p27 
686,4.1749119553604,c2.756387996755116 / c3.969823602719089 / p13 + p10 * p15 / p10 
687,3.220138231603884,p20 + p24 / p19 / c2.1849586715012084 / p12 
688,2.064991445973177,c0.21694356598752962 / c2.907972372667272 + p31 
689,9.946003000060747,c2.6012761905179387 / p8 + p27 
690,2.398590274225976,p23 - p16 + p23 
691,2.398590274225976,p23 - p16 + p23 
692,2.0666142037935304,p30 / p26 / p5 / p4 + p22 
693,3.770500929770836,p21 + c1.0076797130134834 / c4.581309467958595 
694,6.354293880851612,c3.749237278177438 / c2.565498633297056 * c2.636868787927591 + p3 - p18 / p9 - c3.0585155683687044 / p16 - c2.2781167650094285 
695,2.69674460083256,p12 / p3 * p32 - p22 + p17 
696,2.3840973213818217,p33 - p30 / c2.9209594106526064 / p6 + p33 - p28 + c0.18356766512354794 
697,3.2594681807899013,c3.20570459825941 / c2.695948558010966 / p29 + p22 + p31 / p14 
698,2.9182003302686925,p28 - p7 + p21 
699,2.612381740846065,p25 / p8 * p22 
700,2.783787836521744,p28 - p7 + p21 * c0.9970633789388295 
701,2.9182003302686925,p28 - p7 + p21 
702,2.807395824618592,p2 + p1 / p10 - p8 / p30 
703,4.942618972289415,p2 * p2 / p27 
704,2.8635053301663675,p8 + c3.5353604645270034 / p19 * c1.6715247989909598 
705,2.062606625456072,p28 + p30 - p31 
706,3.218152470029016,p31 + p26 - p0 
707,1.5388878859503548,p32 - c0.4917487641319218 / p24 
708,1.5388878859503548,p32 - c0.4917487641319218 / p24 
709,1.5388878859503548,p32 - c0.4917487641319218 / p24 
710,1.5388878859503548,p32 - c0.4917487641319218 / p24 
711,1.5388878859503548,p32 - c0.4917487641319218 / p24 
712,1.6417202972566884,p32 - c0.4917487641319218 / p24 * c2.581349172641377 
713,2.7833986938708404,p33 - p0 + p32 + p25 - p33 + c0.04240376732218554 
714,4.9156529997580485,p2 + p10 / p30 * c0.2247040855223792 / c0.5500773473967191 / p22 * c0.22792292073220644 - c0.8082904723477191 / p21 
715,5.057647918630558,p2 + p10 / p30 * c0.2247040855223792 / p22 * c0.22792292073220644 - c0.8082904723477191 / p21 
716,3.836428162432739,p2 + p10 / p30 * c0.2247040855223792 / p22 * c0.22792292073220644 - c0.8082904723477191 / p21 / p25 
717,2.2315834195883304,p26 * c0.9731617405274778 + p7 / c3.399980919327003 / c4.875630112790171 / p26 
718,2.81644884845319,p26 * c0.9731617405274778 + p7 / c4.875630112790171 / p26 
719,9.657041373842596,p25 - p23 + p17 + p2 / p31 
720,2.731264142571627,p17 + p13 - c4.151184214194087 / p24 / c2.3962360594472383 * c0.29424456830749735 - p18 
721,2.085933127415297,c2.3556745344128953 + p31 + c4.371823006993234 / p29 / p1 - p11 - p21 / c1.2182342358188807 * c2.907407090594898 / p6 + p5 
722,2.123254234090365,p32 / p10 * p21 
723,2.123254234090365,p32 / p10 * p21 
724,1.4397769613530218,p11 * p30 / p11 
725,1.4397769613530218,p11 * p30 / p11 
726,1.4397769613530218,p11 * p30 / p11 
727,2.1029912097822296,p21 + p14 * p21 / p7 / p28 * c0.013576250802831424 / p34 
728,2.150275319338229,p21 + p14 * p21 / p7 * c0.013576250802831424 / p34 
729,2.103229554411991,p21 + p14 * p21 / p7 * c0.013576250802831424 / p34 / p27 
730,2.150275319338229,p21 + p14 * p21 / p7 * c0.013576250802831424 / p34 
731,2.1022639477625606,p21 + p14 / p7 * c0.013576250802831424 / p34 
732,1.4267879177676557,p28 * c0.013576250802831424 * c0.99109290690503 + p32 
733,2.38400010455819,p32 * p21 / p12 - p16 + p2 
734,4.184062901169719,p0 - p18 / p4 
735,3.680105405835892,p8 / p34 * c2.9502766140209196 / c4.692918873681692 / p25 - c0.22337117464622525 + p22 
736,4.184062901169719,p0 - p18 / p4 
737,6.831874014093851,c1.9872302553175563 / p22 - p30 / p24 / p21 / c4.3504905003663525 - c0.22299699491801717 + p20 
738,1.6350937088613071,p30 + p10 - p8 - c1.458238296311865 / p9 * p16 / c0.4515451485243449 / p20 
739,3.769446920422932,p26 * c1.551693228771469 / c1.2856561438083665 * p13 / c1.4950935122151994 / p16 / p17 / c2.7733885437784176 + p25 
740,1.6350937088613058,p30 + p10 - c1.458238296311865 / p9 * p16 / c0.4515451485243449 / p20 - p8 
741,1.5150330895333657,p30 + p10 - c1.458238296311865 / p9 * p16 / p20 - p8 
742,2.561083808742072,p31 * p10 / p17 
743,2.561083808742072,p31 * p10 / p17 
744,1.9355537874347448,p26 + p6 / p31 - p2 / p28 
745,2.561083808742072,p31 * p10 / p17 
746,2.561083808742072,p31 * p10 / p17 
747,2.561083808742072,p31 * p10 / p17 
748,4.056725406586194,c1.2882263103090268 + p28 - c4.684828639972652 - c1.3597597321467592 + c1.0274694077893765 * c4.969924162931397 
749,5.37345230773823,p32 * c0.05679968523942647 / c2.5262311479573785 * c3.9515792732923885 * p20 * c2.693564194902431 / p32 + p15 - p1 * c0.28798952334002204 
750,2.741119459158913,p27 + p17 - p10 
751,4.601341017975187,p22 / p10 / p30 + p31 / c1.0034383755629088 
752,1.4160669299838275,c1.7631836498446667 * p15 / p22 / p33 / p29 * c1.8216178814980872 * c1.3576259477011425 * p6 + p33 
753,3.312509561909569,c1.7631836498446667 * p15 / p22 / p33 / p29 * c1.8216178814980872 * c1.3576259477011425 * p6 + p33 + c0.21658572359360362 
754,2.065345755003764,p32 * p21 / p31 
755,6.189708811686076,p32 * p21 / p31 - c0.48741500976890784 
756,5.250640604458683,p23 + p33 / p17 / p15 + p10 - p20 
757,1.754242637865587,p30 + c0.06801405780030523 * c1.0537149993558699 
758,3.600764941890082,p31 / p8 / c4.691843441816798 + p25 + p8 - p32 / p2 / p26 - p15 
759,2.725575748273919,p3 / c2.108210938258469 / c3.1433045414105316 / p13 / p16 + p8 
760,2.389182527681412,p27 - p10 + p33 
761,2.248755745927004,p23 / p17 / p7 * p1 * p33 * p22 / p26 
762,1.504238683282636,p31 - p23 / p23 - p31 + p9 / p29 + p21 * p32 / p18 
763,1.509361361359611,p10 + p33 - p11 
764,1.509361361359611,p10 + p33 - p11 
765,3.3482783977987123,p10 - p12 + p15 / p21 * p12 
766,7.793646727579421,c1.0752805687234552 * p30 / p6 * p26 
767,4.334516272215846,c0.2983086246234412 * c2.509852307039804 - c2.8349750951806163 * c0.3828368183684261 + p6 
768,9.701838554914255,p21 - p28 / p0 
769,4.745458042604904,p21 - p28 / p0 / p25 
770,2.8866127124456527,p25 / c3.5210543967233567 / p34 + p0 * p15 / p11 
771,3.6606569123354498,c1.1607314577775285 / c4.408498830945443 + p12 
772,2.5160913251162347,p10 - c1.1388813449668396 / p4 
773,2.5160913251162347,p10 - c1.1388813449668396 / p4 
774,2.694894420651952,p25 / c3.5210543967233567 / p34 + p0 * p15 / p11 * p26 / p21 
775,2.960046854371749,p30 - p33 / p7 / p21 * c0.5371552187979584 
776,9.593892599278371,c0.1909883334291429 * c4.764042368297798 - p23 + p0 + p22 
777,2.3152189075437155,c0.17523429798107948 / c3.5930410096294456 / p9 + p16 
778,1.8330948613849285,p33 + p18 - p8 
779,3.397593293898612,p13 + c3.3844547992095797 / c4.115220158455411 / c4.047918322324441 
780,2.0768807874160444,p10 + p21 - p8 
781,2.1088059203654206,p10 / p2 - p11 / p3 + p21 
782,2.5160685823432303,p10 - c1.1388813449668396 / p29 
783,2.803984829354377,p6 - p7 / p14 / c1.8535880797241089 
784,1.4453478358954006,p33 * c0.5371552187979584 / c4.904444851093769 / p19 / p16 + p30 
785,2.18504212492555,p18 + p26 / p9 / c4.620172612350975 
786,1.4453478358954006,p33 * c0.5371552187979584 / c4.904444851093769 / p19 / p16 + p30 
787,2.13018339036897,p26 + p6 - p5 / p2 * p0 
788,2.698036935548558,p3 - c1.0689819113833372 / p9 / c2.669178871900033 
789,1.917020229144256,p26 + p16 / p18 / p22 * p5 / p34 
790,1.954477391767822,p26 + p16 / p18 / p22 * p5 / p34 * c1.3165858304082945 
791,6.484185042642965,p8 + p10 - p15 - c0.509236217407632 
792,4.35754749423746,p17 + p32 + c0.3478829820010271 + p25 - p15 - p12 
793,2.579081104021182,p17 + p32 + p25 - p15 - p12 
794,6.380811301250808,p26 + p16 / p18 / p22 * p5 * c1.3165858304082945 / p26 * p11 / p17 
795,1.8087373723232103,p0 * c0.19785993372101518 * c0.05359596574369019 / p8 * p12 + p30 
796,3.348311560499105,c4.422111711004633 / p34 + c0.5384189540026368 / p19 + p1 - c2.00248858087575 / p33 / p17 / p28 * p21 / p19 
797,1.763842515198101,p11 - p18 + p32 
798,1.763842515198101,p11 - p18 + p32 
799,1.763842515198101,p11 - p18 + p32 
800,2.5228476151152206,p5 + p18 - p13 
801,2.5228476151152206,p5 + p18 - p13 
802,3.002999278142175,p17 + p20 - p21 
803,2.038131484036392,p11 - p18 + p27 
804,2.038131484036392,p11 - p18 + p27 
805,2.038131484036392,p11 - p18 + p27 
806,3.002999278142175,p17 + p20 - p21 
807,1.7591043813571203,p6 / p4 / p29 + p27 
808,2.0727954426238955,p20 - p0 / p5 / c1.7654631713073665 / p9 * c1.3085084878772157 * c1.7573685751953754 
809,2.112449302689574,p20 - p0 / p5 / p9 * c1.3085084878772157 * c1.7573685751953754 
810,5.037301264792888,p2 + c4.974152361927502 - c4.570651551837711 
811,3.6316652574561856,p22 - p28 / p3 / p30 / p18 
812,2.919211400892141,p2 + c4.570651551837711 / p24 
813,1.8246817685953527,p5 * p28 / p8 
814,1.8246817685953527,p5 * p28 / p8 
815,14.050178490087292,c1.4805381562571962 * c3.037173049500306 / p6 - c3.1545734753730867 + c4.281719528546082 - c1.8580494392764602 + p7 - c3.086643912678176 + p14 / p24 
816,1.8246817685953527,p5 * p28 / p8 
817,1.8246817685953527,p5 * p28 / p8 
818,1.8246817685953527,p5 * p28 / p8 
819,2.4575971268325856,c0.6077985532172936 / c2.738497968035146 + p32 
820,2.4575971268325856,c0.6077985532172936 / c2.738497968035146 + p32 
821,1.8538940701471625,p32 * p13 / p10 
822,1.8538940701471625,p32 * p13 / p10 
823,4.155185675534266,p18 / p33 * p2 
824,2.315703704941487,p5 / p26 * p28 + p17 - p7 
825,2.2915116086465974,p17 - p15 / p23 / p10 + p16 / p7 / p1 
826,4.0321357768472055,c0.3639871138090983 / p24 * p10 / p22 + p12 + p20 * c0.30624449452776203 / p28 
827,2.9923135567994708,c0.8109739424796408 / p9 + p1 
828,2.9923135567994708,c0.8109739424796408 / p9 + p1 
829,1.6709229211499173,p32 + c0.2702211334929072 / p27 / p6 
830,2.855938667043977,p12 - c3.9763290955661903 / p24 
831,2.855938667043977,p12 - c3.9763290955661903 / p24 
832,3.105258919970445,p10 + c0.22697305608763874 * c0.6041570831929682 
833,3.105258919970445,p10 + c0.22697305608763874 * c0.6041570831929682 
834,1.7742084766377435,p12 / p24 / p3 + p27 
835,3.8800232700876,p15 - p10 / p14 - p10 + p20 
836,2.610766392470133,p17 - p2 * c3.9469674191123474 / p34 * c0.057056537775725946 
837,2.2823957027381057,p15 - p10 / p14 + p20 / p29 
838,3.0254385251501814,p17 / p1 * p8 
839,2.538124309166992,c0.8995080014340845 * p8 + c0.0027764173421784832 / p31 * c2.8391853682731623 / p7 / p18 + p11 * c0.366768475963159 / c3.51863854966249 
840,7.231858931202881,c2.4904859434873745 / p31 / p34 + p27 - c0.6172756461579232 
841,2.617224729346676,p2 + p21 - p5 * p6 / p13 
842,1.7758282107327512,p25 - c0.9152530756654781 / p26 / p9 
843,1.7942427008398782,p25 - c0.9152530756654781 / p9 
844,1.7942427008398782,p25 - c0.9152530756654781 / p9 
845,1.7942427008398782,p25 - c0.9152530756654781 / p9 
846,1.7942427008398782,p25 - c0.9152530756654781 / p9 
847,2.892633830092668,p0 - p8 / p27 * p27 / p31 / p24 
848,4.172457977017289,p0 - p8 / p27 / p31 / p7 
849,3.538986070156037,p0 - p8 / p27 / p31 / p7 / p12 / p8 * p27 
850,6.002191588541788,p17 + c1.8129134789877481 * c1.3554354848822692 / p12 / p8 
851,7.492776271893977,p17 + c1.8129134789877481 * c1.3554354848822692 / p12 / p8 - c1.0285836002394555 
852,5.450075005738066,p25 + c2.247283509712422 - c1.7649894025365431 
853,4.363419161572408,p21 * p18 / p16 - p5 / c2.1227330629420953 / p3 + p6 / c3.259451865015185 / p2 / p11 
854,2.793153347679292,c0.22697305608763874 + c0.9053823580525466 - c0.4770158170753047 * p12 / p23 * c2.7298101683919724 + p32 
855,5.450075005738066,p25 + c2.247283509712422 - c1.7649894025365431 
856,2.770171748695551,p32 + p16 / p14 * c0.8417048442801417 / p10 * p18 + p27 - p13 
857,5.361150857943993,p32 / p7 / p3 + p8 
858,2.901698252059697,p12 - p2 + p11 
859,1.5009065443185614,p33 * p18 / p21 
860,2.901698252059697,p12 - p2 + p11 
861,3.334752169439222,p17 + p3 / p24 
862,4.521860289209377,c2.7298101683919724 + p32 - c3.066698502173521 
863,2.2970909044813985,p17 + p3 / p24 * c3.5372897531063496 / p31 
864,3.1096348001378264,c3.7378373464357435 + p15 - c3.9076887958033386 
865,2.5171070185757136,c0.18832063139075095 / p23 / p19 / p26 * p23 + p12 
866,4.506564909695343,c3.254567721139046 / p5 * p13 / p9 * c1.1140474026142737 / p34 - c0.7600243102930043 / p21 + p8 
867,2.7236848659974227,p33 * p18 / p21 + p12 / p19 
868,2.164760657140102,c3.7378373464357435 - c3.9076887958033386 + p33 
869,1.5009065443185614,p33 * p18 / p21 
870,1.613075456311851,c3.7378373464357435 - c3.9076887958033386 + p33 + c0.2724535032012787 
871,2.996493800994166,p22 / c1.741052636046454 * p13 / c0.5157754422530147 / p8 / p4 / c2.2879003134894838 + p2 
872,2.749848227095929,p11 * p3 / p8 
873,2.749848227095929,p11 * p3 / p8 
874,2.2680826636313745,p25 + p4 / p34 - c2.27929113245767 / c2.541626106445812 
875,2.900022068342886,p22 * c2.101785134251604 / p31 * c3.439315574555311 * c0.9648666679375689 / p3 * p5 / p34 / p18 * p0 + p7 
876,4.221102303237498,p31 / p4 + p31 
877,3.014688023407593,p21 * p18 / p21 / p2 * p6 
878,3.042513080859218,p10 / p32 * p27 
879,2.310414132686473,p22 - c4.7330795484333645 * c0.5365573197975498 / p19 
880,9.096207373011158,p31 + p7 - c1.0359548241260823 * p13 + c1.0483912110477815 
881,3.0658350702037858,p33 + c0.2724535032012787 * p32 / p20 
882,1.7907786034636466,p13 / p22 * p32 
883,1.7907786034636466,p13 / p22 * p32 
884,1.7907786034636466,p13 / p22 * p32 
885,3.6853350709574606,p31 / p10 * p15 * c2.8189745214706363 / c1.6410417675302806 / p25 / p12 * c0.25525287539878094 * p31 * c0.6292516353179128 + p23 
886,3.23005032415599,p11 + p31 - p12 
887,2.316831159032492,p13 + c1.0483912110477815 / p20 * p13 / p24 
888,14.392157652111647,p26 / p19 + p7 + p12 / p28 / p28 + p4 - p0 + p26 - c2.356608818351292 / p0 - p29 + p26 / p13 
889,2.902574228361323,p1 + p18 - p2 
890,2.902574228361323,p1 + p18 - p2 
891,2.902574228361323,p1 + p18 - p2 
892,2.902574228361323,p1 + p18 - p2 
893,6.334208359949227,p5 - c2.2974555336243845 / p33 / p33 * p30 * c0.5429017433644723 
894,4.389494301679608,p5 - c2.2974555336243845 / p33 / p30 * c0.5429017433644723 
895,3.5733629663551127,p5 - c2.2974555336243845 / p33 / p30 * c0.5429017433644723 / p27 
896,2.8967867722553344,p5 - c2.2974555336243845 / p33 / p30 * c0.5429017433644723 / p27 / c2.8406062876113793 
897,5.430145929057599,p23 - c4.2539764373825655 / p21 / c4.580471510890748 / p28 * p23 * p20 / c0.516023678093524 * p21 / p18 / p18 / c3.7708409076829055 * p21 
898,3.044173098754155,p23 - c4.2539764373825655 / p21 / c4.580471510890748 / p23 * p20 / c0.516023678093524 * p21 / p18 / p18 / c3.7708409076829055 * p21 
899,5.487746203810514,p23 - c4.2539764373825655 / c4.580471510890748 / p23 * p20 / c0.516023678093524 * p21 / p18 / p18 / c3.7708409076829055 * p21 
900,3.752080136193613,p11 * p21 / p22 
901,2.307542113887419,p0 * c2.4293228844237316 / p13 / p27 / p16 / p19 + p17 
902,8.593412615201647,c1.8824646321649512 / p7 + p5 
903,3.464296707734458,p1 / p20 * p12 
904,3.8449050276718695,p1 + p13 - p23 
905,3.092139847182486,c4.353947850962584 / p9 + p25 + p0 - p23 
906,3.815748580207484,p4 * p15 / p24 
907,1.945852845331063,p25 - c3.238380761830799 / p21 / p9 * c2.7372556452517833 
908,3.255682287580798,p7 - p20 + p13 
909,3.255682287580798,p7 - p20 + p13 
910,2.835754670106557,p22 / p19 / c4.962832038506435 / c0.4012203103225531 + p15 
911,3.091271959523159,c4.353947850962584 / p9 + p0 
912,2.3107016157797777,p32 * p16 / p32 
913,2.43052851715555,p30 / p13 * p26 
914,2.275944124290726,p7 + p13 - p7 
915,2.275944124290726,p7 + p13 - p7 
916,1.7846594432934169,p25 - c1.8820990345311701 / p4 * c0.3518234101806056 
917,2.275944124290726,p7 + p13 - p7 
918,3.739882147695912,c2.1777904300534843 / p9 + p22 / p34 + p11 / p1 * p2 
919,1.8354784099670685,p25 - c1.8820990345311701 / p14 
920,2.106289278829133,p31 - p11 / p21 + c2.2651006254795494 * c0.47992986563899054 * p23 / p6 
921,2.114264372404577,p27 - p8 + p5 
922,4.499418935581756,p5 / p27 * p7 
923,3.585989688789469,p8 / c0.7332634136860711 / c1.3289453320970712 
924,3.6045828910611046,p15 + p8 + p13 - p17 - p20 
925,2.328082125611023,p31 - p11 + p28 
926,4.988026071069296,p26 / p4 * p20 / p9 / c0.9736753621591926 * c0.2927397161928913 + p30 - p1 * c0.05875930316967981 
927,2.328082125611023,p31 - p11 + p28 
928,2.9496421069782954,p21 * p8 / p17 
929,2.9496421069782954,p21 * p8 / p17 
930,6.079023249631247,p22 / p11 / p26 * c2.888047944798223 / c2.113197408454472 / p5 * p20 + p20 
931,2.425866583980831,p25 * p32 / p18 * c1.026344650262256 
932,1.93192054177574,p32 - p1 / p2 * c1.4789755958972677 / c3.8129313485570817 * c0.4100038695601388 / c2.6979133886975033 
933,3.704940686168189,p32 / p18 / c4.472510365816497 + p8 
934,13.865073762422378,p0 - c3.4030241643671717 / p18 
935,8.724646387654797,c2.243412674769586 - p30 + c0.6338853316084325 * p22 / p22 + p8 + p28 - c3.6749290064710087 
936,1.7063125501151453,p28 - c4.0631939011423315 / p9 
937,4.039500171976476,p10 + p32 / p4 
938,4.039500171976476,p10 + p32 / p4 
939,2.5638015349715872,c4.0631939011423315 / c4.11249252898167 * p27 
940,2.640799023933475,p6 - p13 / p19 / c4.022317792575476 
941,2.720410587504705,p25 / p29 * p33 * p34 / p5 
942,2.070034744221276,p25 / p29 * p33 / p5 / p11 + p18 
943,2.936745009177546,p26 * p0 / p25 
944,3.3153397369523927,p6 - p13 / p19 / c4.022317792575476 * p20 / p29 
945,1.483202251452509,p23 - p25 + p31 
946,2.311034479751659,p23 * p32 / p33 / p31 / p34 / c3.1896328213384892 * c2.8757912673283013 + p13 
947,2.121331859688783,p26 * p0 / p3 
948,2.121331859688783,p26 * p0 / p3 
949,3.1523356311106885,p1 + p6 * c0.005606165241512362 
950,2.62616821988474,p28 + p27 - p10 
951,2.4511873553815176,p17 * p21 / p23 + p7 - p7 
952,2.62616821988474,p28 + p27 - p10 
953,2.120904982622405,c1.1753210816879318 - p15 / p18 + p32 
954,4.852709700607543,c1.1753210816879318 / p18 + p32 
955,4.216992591015884,p2 - c0.6124863507932155 * c0.6016817322107754 * c2.7937258258544255 / c2.250986477124636 / c4.487781226552632 - c0.1058192025486121 
956,1.8007919144295437,p2 / p13 / p33 / p24 + p27 
957,1.2124664732512156,c2.627991388875097 / p29 + p33 + c2.376248920729886 * c2.2644681072102255 / p29 / p9 / p10 * p21 / c1.901061951675247 / p10 
958,2.288052933463052,p22 / p25 - c4.144081376325715 / c3.3539542615680067 + c4.842754355058459 * c3.40038119399488 / p34 + p30 - c0.125994196109947 / p16 
959,2.8223605938631704,p33 / p27 * p0 
960,8.22345775866015,c1.7946519534439764 / c4.763207302531582 + p15 + p20 / c0.6395527376092364 / p33 / c4.182195797168461 
961,3.2316708367930618,p33 - p13 / p34 
962,1.7780709133770267,p33 - p13 / c2.176677889528682 / p8 / p14 * p13 
963,3.0135031471598106,c0.6124863507932155 * c2.7937258258544255 / c2.250986477124636 / c4.487781226552632 - c0.1058192025486121 * p22 / p12 / p3 + p8 
964,12.069441006906075,p3 + c2.7582914417473328 / p25 + c3.239191983151054 / p16 * p0 / p4 / c0.767261785791718 * p33 / p18 
965,2.505988749241981,p10 + c0.9862256761445976 / p33 / p9 
966,2.527406908752195,p10 + c0.9862256761445976 / p33 / p9 * p27 
967,4.224158999568584,c0.7465917248238679 / p25 / c1.643018809096413 + p5 - p30 + p25 
968,2.482196577434831,c2.1718322167514943 / p9 * c4.312036317707597 + p22 
969,5.687677365715128,p11 - c1.6203824358774122 - c0.0963138845999123 * p21 / c2.9422554745416956 / p8 + p30 - p2 + p32 / p18 + p19 / p34 
970,2.2717087228245663,p27 / p15 - c1.0662604707008805 + p16 
971,2.769222831135912,c2.085004278212865 / p19 + p5 
972,2.310701615779778,p16 * p34 / p34 
973,3.285386835160485,p0 - p27 + p25 
974,2.2833454684011283,c2.2644681072102255 / p29 / p21 / p15 / c2.4724704625007945 + p13 
975,2.887408891150902,c1.798570842135328 + p2 - c3.0514507168133336 * c2.2128147811498913 + c2.5820300192446477 / c3.749971948830146 / c4.298767046362686 + c4.807856040412538 
976,3.677420344637688,p5 * p17 / p27 
977,22.71179622119341,p22 / c4.362662983697035 + p13 
978,3.3431388622767724,c0.49310522064056284 / p13 + p17 
979,2.452178126144921,p21 / p29 * p34 
980,1.325357592929331,p31 - p30 / c4.793885147297759 / p9 
981,2.6483953505744573,p31 - p30 / p9 
982,2.6483953505744573,p31 - p30 / p9 
983,3.3486773839158426,p23 - p2 / p17 / p12 * c1.8985541264140289 / p8 / p31 
984,2.75253029220257,c2.2644681072102255 / p21 / p25 / c3.308834617013007 / c1.5831050901795436 + p13 
985,2.8092174356287978,p31 - p17 - c0.1721086807851835 / c0.9820226104788737 - p20 + p1 + p18 / p10 * p12 
986,3.45806328709659,p21 + p14 - p19 
987,2.884591309383895,p12 - c4.238110893681151 / p24 
988,2.738624431071184,p6 * p29 / p29 
989,2.618061558295726,p12 - c4.238110893681151 / p24 / p17 
990,1.7977249060462344,p26 - p23 + p23 - c0.17102554168365647 / c2.7171091636835216 / p1 / p34 * p18 / c2.8442908633221657 * c4.289271663229619 
991,2.2833585152830973,p25 / p16 / p34 + p17 
992,2.884591309383895,p12 - c4.238110893681151 / p24 
993,1.045270967759517,p16 / p24 / p9 + p33 
994,2.3007527661407967,p22 + p17 - p21 * p22 / p21 
995,4.272385086404267,p28 - p2 / p0 / c2.6260833459951813 
996,9.369769140570371,p24 + p6 / p31 * p0 - p19 - p30 + p12 - p30 - p13 / p9 / c1.9058830690242874 + p17 
997,5.21896038843318,p22 / p33 * p14 / p21 / c0.5596360684967366 / p14 + c1.300381411968058 / c2.183043004469552 - p26 / p12 + p11 
998,2.5470313602107115,c4.238110893681151 / p24 + p21 
999,1.80228643427345,p30 - c4.954222149226811 / p19 
1000,1.80228643427345,p30 - c4.954222149226811 / p19 
1001,2.400691340380756,c4.238110893681151 / p24 + p21 - c0.2920938800449008 / p30 / p30 
1002,6.538576992013573,p3 - p23 / p29 - p2 / p24 
1003,2.3656630132216154,p23 - p8 + p28 
1004,2.3656630132216154,p23 - p8 + p28 
1005,2.3656630132216154,p23 - p8 + p28 
1006,1.1478364479062866,p33 - c0.7209123571306714 / c4.946457037963498 / c4.445967990885594 
1007,2.801440778575643,c2.7574929256941916 / p14 * p6 * c0.2071153811295129 + p18 
1008,2.847064681623855,p12 - p2 + p16 - p8 / c2.470465509872186 * c0.8723251222897777 * p27 / p2 / c4.98112935137833 / p3 
1009,3.5580366939581243,p3 / c3.7080021163720183 / p5 + p25 
1010,4.015485448496955,p3 - p2 / p24 
1011,2.300752766140797,p27 - p27 + p17 
1012,4.015485448496955,p3 - p2 / p24 
1013,4.015485448496955,p3 - p2 / p24 
1014,2.473305210577963,p22 - p21 * p30 / p13 / p25 - c0.9505556879106242 / c2.459505921927235 + c1.3371313488200132 
1015,3.687464503782528,p2 + c0.42721869033631843 / p0 
1016,3.687464503782528,p2 + c0.42721869033631843 / p0 
1017,1.741240157888461,p17 - p20 + p26 
1018,2.0508961445693807,p6 - p3 - c0.036041078956441375 / c0.5123055824429235 + p27 
1019,5.309858778784151,p33 + p19 - p34 
1020,2.2898391632826027,p17 + c0.6528594098101465 / p9 
1021,2.3026932279189505,p17 + c0.6528594098101465 / p9 / p2 
1022,2.1273463010419604,p21 - p10 + p33 
1023,2.1273463010419604,p21 - p10 + p33 
1024,2.1273463010419604,p21 - p10 + p33 
1025,9.989301663626293,c0.5067100568550542 * c1.979308159921152 + p12 
1026,2.4142951819135128,c0.34933050097464613 / c2.5825340912043426 / p1 * p6 + p22 
1027,1.575271329881798,c2.327429899445148 / p34 * p6 / p6 + p30 
1028,2.252661527551121,p32 / p20 * p1 
1029,2.704573682041805,p7 + p32 / c0.3003075662460164 / p15 / p3 / p9 + p22 / p20 / p34 
1030,2.7144495056325866,p7 + p32 / c0.3003075662460164 / p15 / p3 / p9 + p22 / p20 / p34 / p14 
1031,2.5223100712276363,p21 * p30 / p22 
1032,1.4410906693253864,p31 - p7 / p5 / p34 
1033,2.682521830168945,p7 + p32 / c0.3003075662460164 / p3 / p9 + p22 / p34 / p14 * c1.0913768792408436 
1034,1.4410906693253864,p31 - p7 / p5 / p34 
1035,6.374345731200773,p1 / p19 - c0.4805079397686052 + p1 
1036,2.030867511730869,p31 - p7 / p5 + c0.8238602515331683 
1037,6.039781879812871,p34 / p9 / p26 + p16 + p1 * c4.03361815601024 / p29 / p16 
1038,2.902708641094835,p31 + c4.333650413957187 - c4.1472222543612505 + c1.9677897614642914 - p12 / p0 - p33 / p15 
1039,2.9664606253364387,p23 + p23 - p32 
1040,2.5018031628216053,p16 + p31 - p8 
1041,1.748668531873716,p26 / p21 * p25 
1042,2.5219833835285086,p31 + p8 - p2 
1043,9.599278693056595,p3 / p16 + p22 
1044,2.702903010001096,p27 * p0 / p20 
1045,4.329314749486754,c1.3371313488200132 + p20 - p24 / p9 
1046,3.8641981738717535,c1.0956665188675263 / c1.6577081676403094 / p10 + p20 
1047,10.407093053859946,p20 - p24 / p9 
1048,4.045654774831921,c1.0956665188675263 / p20 / p8 + p7 
1049,10.407093053859946,p20 - p24 / p9 
1050,10.407093053859946,p20 - p24 / p9 
1051,9.54299125057393,p13 + c1.220223359291287 - p20 + p3 - p30 / p22 / p8 
1052,3.6002393755252244,p13 + c1.220223359291287 - p30 / p8 
1053,2.9609496132783195,c1.6203824358774122 / p33 / c3.574531784306478 + p31 
1054,1.382979844030983,p25 + p32 - p27 
1055,1.382979844030983,p25 + p32 - p27 
1056,1.382979844030983,p25 + p32 - p27 
1057,2.100131250209751,p6 - p16 + p31 
1058,2.100131250209751,p6 - p16 + p31 
1059,2.100131250209751,p6 - p16 + p31 
1060,2.742686327487789,p2 * p25 / p18 
1061,10.076541193241232,p12 + p3 / p12 
1062,4.815989611099187,p31 + p20 / p6 / p5 
1063,4.164490481045742,p5 / p18 - p16 / p2 + p16 - c0.33100145805379066 
1064,2.7471394444781727,p7 + p25 * p10 * c4.931382812142777 / p2 / p9 / p16 
1065,10.243465519768383,c2.558952877566675 / p2 + p25 
1066,2.856646293585957,c0.26290914098049734 / p19 * p31 + p5 
1067,2.7099185691402106,p3 - p12 / p6 / p9 
1068,2.159710489080368,c0.3003075662460164 / c1.4428705093246619 / c4.310786658006553 + p20 
1069,3.67438473083441,p1 + c1.5308082393355404 / p29 * c4.7435577972142005 
1070,3.5159737576773944,p25 * p10 / p2 / p34 + p12 
1071,9.148868918935142,p22 + c4.361805802553142 / p5 / p12 
1072,4.717659163318607,p10 - c4.900922864573188 / c4.763973234200879 * p26 + p11 
1073,2.3328348736711457,p11 - p1 + p23 
1074,2.3328348736711457,p11 - p1 + p23 
1075,5.7055364793180186,p27 - p11 - c0.35095676027724954 + p13 
1076,3.658042093638589,p17 * p27 / p21 + p0 - p13 
1077,1.821024069794418,p33 * p10 / p20 
1078,1.821024069794418,p33 * p10 / p20 
1079,2.051870160180042,p1 / p33 / c0.8192026162228305 * c3.2321639742987136 * p23 / p29 / p13 + p31 
1080,1.843471962069406,p33 / p20 * p30 
1081,1.843471962069406,p33 / p20 * p30 
1082,5.679719159158358,p24 - p34 + p2 
1083,3.537669338774868,p1 + p25 - p27 
1084,3.203333637537969,p1 + p25 - p27 / c0.9815845232022419 
1085,3.537669338774868,p1 + p25 - p27 
1086,3.3454931033184567,p30 + p33 / p8 * p19 / c3.6972736091180023 / p29 
1087,2.245538291846936,p30 * p19 / p29 
1088,3.11484586194686,p30 + p31 / p20 / c4.1452743706160655 
1089,3.537669338774868,p1 + p25 - p27 
1090,3.114185742620791,p22 - p0 + p2 + p11 - p21 + p33 + p27 / p0 / p32 / p10 - p12 
1091,5.535444289129835,p27 + p15 * c0.19484067628141977 / c3.0528718476364296 
1092,3.537669338774868,p1 + p25 - p27 
1093,2.923744356100371,p0 + c1.3182866272368825 * p26 / p34 / p10 
1094,2.9075459265785195,p23 - p2 + p12 / p24 / p18 + p20 
1095,3.537669338774868,p1 + p25 - p27 
1096,3.537669338774868,p1 + p25 - p27 
1097,4.7433322451496025,p1 - p27 + p3 / c1.0201406977288174 
1098,1.5465521360533243,p33 + p21 / c2.8889594383638033 / p34 
1099,9.61673297768986,p33 - c2.0131229032670594 + c4.933297448104385 / p30 + c1.2901676610091284 / c4.47010394017825 / c3.704310282147974 
1100,8.860927643377437,p30 / p19 * c0.9438464735862684 * p19 + p27 / p17 
1101,5.351273109348351,p16 / p5 + p22 - c0.4952941002731792 
1102,3.1767729635802584,p23 / p31 * p13 
1103,3.1767729635802584,p23 / p31 * p13 
1104,3.1767729635802584,p23 / p31 * p13 
1105,1.8045644987357408,p18 / p23 / p24 + p25 
1106,2.172271678900033,c2.8889594383638033 / p34 + p18 
1107,4.777401497903239,p6 - p33 + p7 
1108,4.777401497903239,p6 - p33 + p7 
1109,2.706863669916338,p3 * p12 / p10 
1110,2.117432749719564,p2 + p25 - p0 
1111,2.117432749719564,p2 + p25 - p0 
1112,2.540682995301484,p7 / p10 * p15 
1113,10.896030735530276,p7 + p24 - p34 + c0.8297955175390764 
1114,4.469358814852178,p22 + p27 / p0 / p32 / p10 - c2.724226477252338 / p24 + p5 - p26 
1115,3.971277521262973,p22 / p6 * p6 - c1.1974634381532963 / p16 / p2 
1116,5.733135420555797,p26 / p20 - p32 - p9 / p24 + p22 + c1.093709605362065 / p32 + p27 
1117,8.053766112651209,p17 - p22 * c2.646943081254993 / p31 / c3.867532338239771 
1118,3.770323704322455,p27 / p31 * p22 + c0.24910785747654596 
1119,11.006555568807986,p18 + p15 - c0.16541371019680562 + c2.4851689910993358 / c4.799645030688062 / c3.3123848894907577 - p25 - p28 / p32 
1120,2.923793677568276,p18 + p15 - c0.16541371019680562 + c2.4851689910993358 / c4.799645030688062 / c3.3123848894907577 - p25 - p28 / p32 / p34 
1121,6.481011981680554,c2.131071788650713 + p20 - p16 + p15 - c1.5053381430359765 
1122,2.518119377027789,c1.2489057301812294 / c1.5072737063803388 / p5 / p22 + p32 
1123,3.2088511560257,p0 + p26 - p30 
1124,3.1883531432302465,p18 + p15 - c0.16541371019680562 + c2.4851689910993358 / c4.799645030688062 / p25 / p34 - p22 
1125,12.157348456567057,p8 + c2.9500519529305027 / p22 
1126,4.143795445377487,p22 * c1.0324739180777587 + p26 - p0 
1127,5.453495215161918,c1.2489057301812294 / p5 + p32 + p3 - c0.7616459440377255 - p6 
1128,2.347178275455361,p0 + p26 - p10 
1129,2.347178275455361,p0 + p26 - p10 
1130,2.347178275455361,p0 + p26 - p10 
1131,2.347178275455361,p0 + p26 - p10 
1132,2.4902112888008694,p0 + p10 - p0 
1133,2.4902112888008694,p0 + p10 - p0 
1134,2.885145847878736,p22 / p10 * p27 
1135,11.241444763807865,p23 + c0.5308600855543633 * c2.065248057634731 
1136,12.338194810107815,c0.23989390156471224 + p7 + c1.0465190895115495 - c2.3641753511202883 / p34 
1137,7.070908023281628,c0.8212948276009874 / p5 / c1.448261358316959 * p1 + p21 
1138,3.820207205577876,p13 - p30 / p19 
1139,2.304517005647252,p13 - p30 / p19 / p20 
1140,2.3488859935247577,p13 - p30 / p19 / p20 * c2.270291843387355 
1141,2.8665497881037347,p17 * p0 / p13 
1142,2.6996183444144912,p17 * p0 / p12 
1143,17.57756092646223,p1 / p33 * p27 - c3.9013059520757487 / p10 / p7 * c0.945290246513687 - p22 / p17 / p30 * p17 
1144,2.698865458893869,c0.0755261783107769 * c3.9505213095095155 - c0.34106181874517194 + p6 
1145,8.277836913564103,c0.6603982289072757 + p0 + c0.026800831713315043 * c2.795300138445759 / c1.2808072286061312 
1146,1.7892452797036718,p26 - c4.710185727790661 / p14 * c0.07509200405245997 
1147,1.7378134780406185,p26 - c4.710185727790661 / p14 / c2.0020793629977707 
1148,1.827867662223516,p26 - c4.710185727790661 / p14 / c2.0020793629977707 / p1 / p5 * c4.023524471119489 
1149,4.521574263371329,p13 / c3.701329563171243 * c0.14861207547081035 + p13 
1150,6.300421633222474,p10 - c1.616465729204903 + p21 - p17 + c3.1700145946892744 / p27 
1151,2.888753993200443,p2 * p0 / p0 
1152,1.6399920862719464,p32 * p31 / p25 
1153,8.175284880409702,c2.9126494040672717 / c3.829139778283878 + p18 
1154,1.9060864449187944,p27 - p16 / p32 / p24 
1155,2.8948484517469457,p2 / p18 / p27 / p24 + p0 
1156,2.8541142091934075,c3.6090371586830794 / p14 + p3 
1157,6.360082183785705,c3.6090371586830794 / p14 + p3 + c0.4568370456296378 
1158,2.9760614850645,p23 * p24 / p9 
1159,2.704862945331436,p2 / p18 / p27 / p24 + p0 / p27 * p32 
1160,4.7883185709652825,p6 + p28 / p19 
1161,4.179976895641834,p30 + p20 / p2 * p31 - p10 
1162,3.331929369086675,p27 - p27 + p0 / p4 + p33 - p0 / c0.6708001110136913 / p20 + c0.77822095658377 + c3.167846803146657 / p18 * c0.44176149632270845 
1163,3.1557900860984285,c1.6926974088618034 / p1 / c3.8934469110344496 + p17 
1164,2.698246641828961,p23 / p9 / p32 + p7 
1165,5.079626483616393,p3 + c0.852146829586905 / p17 
1166,5.015987221314224,p27 - p0 / p4 + p0 / c0.6708001110136913 / p18 * c0.44176149632270845 - p18 / p0 / p13 / c4.57082442908693 / p3 / c0.07522458143743138 
1167,2.171946481256116,p8 / p19 / p13 + p21 
1168,11.177269168750207,p8 / p13 + p21 
1169,2.8687311966326647,p1 / p4 / c3.846607345060808 * p3 / p0 + p5 
1170,6.953575253835307,p1 / p4 * p3 / p0 + p5 + p34 - p24 
1171,2.376155129182047,p6 - p5 + p18 
1172,5.094742258811244,p17 / p23 * p21 + p12 + p19 - p19 + p23 / p29 - p33 
1173,4.437255855500031,p3 + c0.26166177847099903 * c2.527897020588081 / p15 * p26 / p0 
1174,3.203707741719989,p3 + c0.26166177847099903 / p15 * p26 / p0 
1175,4.195382950094052,p3 + c0.26166177847099903 * p26 / p0 
1176,3.206190168804577,p10 - p8 / c0.34541801873786027 / p34 / c4.342463684218892 
1177,2.91715598679196,p5 - c3.199257972676982 / c2.441138366343945 + c1.2258011219315545 
1178,4.4294456499189225,p10 - p8 + c1.4428525681837712 + p13 - c1.1139790999470767 
1179,8.44407123993211,c1.83058908847255 - p5 / p7 + p28 
1180,10.71481034448433,p5 - p29 / p24 
1181,13.575379746072947,p12 / p30 * c2.727571083500331 - c4.682386964709663 + p26 / p28 * p0 + c0.6438614462313957 
1182,18.192949141548706,p8 + c1.9122121883654053 - c0.1850732168963315 * p5 / c1.331529895239318 
1183,9.0294820549619,p8 + p28 - c0.7906274671535735 - p11 
1184,1.838141596478818,p8 + p28 - p11 
1185,1.838141596478818,p8 + p28 - p11 
1186,1.3755600518281297,p21 / p29 / c4.746766077291916 / c2.3994114126017103 + p32 
1187,1.838141596478818,p8 + p28 - p11 
1188,4.6312837315552775,p25 + p32 * p8 / p8 / p22 / p2 - c0.5369055292766944 / p11 / p6 / c4.80771401126698 
1189,2.8347847648978024,p28 + p27 - p5 
1190,7.418384816590059,c1.8240410282716608 / p10 + p25 - c1.368288812183921 
1191,4.62322434000507,p31 - c2.52902252686488 / p10 / c2.2783211743516523 
1192,10.3653759040898,c4.382969846252783 - p24 - p12 + p10 + p21 + p24 + c1.4207542422002328 - c4.9858504441945986 
1193,8.325314744981814,p11 + p8 - c1.8195607553378306 / p2 / c1.1216296423317988 - p21 
1194,2.0923777847341727,p20 - c1.8191821817510627 / p19 
1195,5.853868095662307,p20 - c1.8191821817510627 / p19 * p15 
1196,2.0923777847341727,p20 - c1.8191821817510627 / p19 
1197,4.811824066923156,p17 + p18 / p10 / p29 + c0.15125675855152731 * c2.755845089531887 
1198,2.855304946454749,p26 - p8 / p34 
1199,6.411243861690413,p7 - c0.4121266463926615 / c4.704087805486158 - c3.8346054283338105 + c3.4521488610277236 
1200,1.6438483732232532,p30 + c0.04841659417932909 / c0.4333994455987511 / p13 
1201,2.0309042435879534,p30 + c0.04841659417932909 / c0.4333994455987511 / p13 * p8 
1202,2.437268441611578,p28 * p22 * c3.4498332440196506 / p15 / c3.377053938602703 
1203,9.15484667958062,p26 + p21 - p25 - p6 / p16 
1204,2.410776813569141,p10 * p28 / p22 
1205,3.0362692492878405,p0 + p22 - p11 
1206,4.588969007634846,c1.8079581876697741 + p21 - c2.238225578799158 
1207,10.2911388815032,p25 - p6 / p16 
1208,48.44207380080282,p12 + c4.9858504441945986 - p32 / p32 / c2.084328784687734 / p29 
1209,2.099971999854352,c4.881104688424125 / p4 + p22 
1210,2.099971999854352,c4.881104688424125 / p4 + p22 
1211,2.099971999854352,c4.881104688424125 / p4 + p22 
1212,2.099971999854352,c4.881104688424125 / p4 + p22 
1213,3.072648515904941,p17 * p24 / p14 
1214,21.06820669822136,c2.1500120061556243 / p0 / c1.4539711966614606 + p22 / p31 / p13 * c4.017587375469064 + p6 
1215,4.8223534919054405,p6 + c2.7721463774974167 / c2.6979167948509364 / p11 / p7 * p32 + p28 - p1 
1216,10.327165513857132,p6 + c2.7721463774974167 / c2.6979167948509364 / p11 * p32 + p28 - p1 
1217,5.419405000944514,p20 / p22 / p23 * p1 * p0 
1218,3.495257478866364,p20 / p22 / p23 * p1 * p0 / c4.395507155428783 + p15 * c0.790985448372653 
1219,7.625383491041673,p20 / p22 / p23 * p1 * p0 / c4.395507155428783 + p15 * c0.790985448372653 - p23 / p17 + c1.4888380355330932 
1220,6.843506286054309,p12 - c0.510415555611432 - p3 / p29 / p12 
1221,1.5651392826142732,c2.1500120061556243 / p13 * p26 / p19 + p28 
1222,9.024610107486629,c1.16197820867252 / p3 - c3.5696424211101423 / p10 + p31 
1223,11.509911558993316,p25 - p6 - c0.6075014977951576 - p3 + c3.346717334398768 + p33 - c2.1840985452079256 - p13 + p20 - c1.368549101206325 + p32 
1224,3.248175376682054,p25 + p8 / c4.291349537835483 / p0 
1225,4.154650539432098,c0.7867453681929409 / p4 * p30 + p1 / p16 * p22 + p17 * c0.01033377685499659 * c1.614372474670056 
1226,2.6277981386843976,p25 + p8 / c4.291349537835483 / p0 / c0.6741344766254437 / p22 
1227,4.652410393533555,p20 / p11 + c0.4230714692872839 + p20 + c1.8394805064164017 - c3.6288082831937016 
1228,25.3115676694421,p25 + c1.4139629880450677 - p17 / c3.8658921609305303 * c0.8520496948918455 + p3 / p20 
1229,3.255728765162208,p12 / c4.67421480272529 / p3 / p32 * c2.1483058124364747 * c0.4723581586395331 + p6 
1230,3.6125912018439226,p25 + c1.4139629880450677 - c3.8658921609305303 * c0.8520496948918455 + p3 / p20 + c1.1550868705409767 
1231,21.41931895489628,c4.156174596199122 - p5 - c2.438021686832039 + p1 / c0.4870928301652261 - c0.31302216345081846 
1232,8.95629851103303,p13 / c1.4682135640566552 / p31 + p15 - p12 + p21 
1233,2.546234068955388,p21 + p30 - p17 
1234,3.417762561048355,p5 - c0.1256799639850803 - c0.09000918386633361 / p3 
1235,2.142671122984392,p25 / c4.881597438551243 / c2.6727164052568297 / p31 + p22 
1236,2.4350695034042227,p21 / p11 * p22 
1237,4.192098307979259,p21 / p11 / p20 / p26 + p0 
1238,19.78788515672136,p23 / p1 * c2.051268719340168 + p2 
1239,15.709176309541236,c3.106359868426247 + c4.223744296779637 / p3 * c1.0023661467969096 - c4.611422220609519 + p27 - c1.4689423913053652 
1240,20.585844459240043,p25 / p31 + c2.028708182396512 + p3 - p28 / p16 
1241,10.708649112571145,p5 - p3 * p23 / p27 / p6 
1242,2.4921820093229465,p17 * p1 / p10 
1243,3.4119453751858235,p7 + p25 / c4.8594240411832965 / p11 
1244,5.618250403961741,p11 + p27 / p32 / p21 
1245,11.36015543139405,p11 + p27 / p32 
1246,3.734463239901097,p7 - p26 + p18 
1247,21.191529710909407,p11 + p27 / p32 + p6 / p8 
1248,2.074795800852677,p21 + c0.30099777884980305 / p34 / c2.998990827999873 / p27 
1249,5.445751577447727,c0.3992551325876392 - c1.4933796600031517 / p30 / c2.4907587086503176 * c2.8259940508993067 + p2 
1250,2.479489710010251,p1 * p12 / p13 + p22 / p8 / c0.22347312785464202 * c2.166077471925072 / p14 / c1.0020538809239072 / c4.026344789964238 + c4.598040583432678 / p19 - p10 + p27 
1251,2.42805293513038,p1 * p12 / p13 + p22 / p8 / c0.22347312785464202 * c2.166077471925072 / p14 / c1.0020538809239072 / c4.026344789964238 + c4.598040583432678 / p19 - p10 + p27 - c0.012056049997292151 
1252,10.204994635985509,p23 + p7 / p0 
1253,14.393160045801736,p1 - c4.04055244088913 / p7 + p1 / p12 + c1.7286381001949165 
1254,3.2959229384418296,p5 - p18 + p15 + c0.03576492532923192 
1255,3.2603920207999875,p5 - p18 + p15 + c0.03576492532923192 / p22 
1256,6.804983370018208,p2 + p24 / c4.288567878774872 / c3.65263787906368 / p17 / c1.970008266937231 / p8 
1257,2.7282740993778467,p5 + c0.03576492532923192 / p22 
1258,2.7282740993778467,p5 + c0.03576492532923192 / p22 
1259,2.8736534677651417,p5 + c0.03576492532923192 / p22 * c3.5727546038899853 
1260,2.71203465464282,p5 + c0.03576492532923192 / c3.5727546038899853 
1261,2.71203465464282,p5 + c0.03576492532923192 / c3.5727546038899853 
1262,10.18468644162086,p2 + c3.65263787906368 / p17 / p8 - p32 * c3.0298983609472447 / p6 * p30 / p7 / p31 - c1.1624929235564925 / p10 
1263,2.8592066143758763,p32 + p23 - p21 + c0.9216377746231086 / c2.2231126224828994 / p15 / p31 * p23 
1264,6.000514330282402,p13 / c4.518520666310199 * c2.3343817631257076 / p7 + p2 
1265,10.00655386409235,c2.3343817631257076 / p7 + p2 
1266,11.081701418485308,p8 - p32 * c3.622554740426416 / p14 
1267,26.41650017029863,p12 + c1.7286381001949165 - c4.2808155302732205 + c0.29586444066022954 / p34 / c1.5473173167721184 / p5 * c4.460723102959199 
1268,13.064795111378965,p6 + p31 + p0 / p13 - p7 
1269,7.34631382037844,p7 - p33 + p0 - p31 + p1 
1270,6.733225387745617,p5 + c0.009548885300174614 - p1 * c0.06421773988161628 / p22 * p21 
1271,3.3467375091039586,p10 - p18 + p17 - p23 + p18 
1272,11.52109200191144,p21 * p33 * c2.0322119451521963 / p3 / c2.320626008573912 
1273,2.5426301449567115,c2.4907587086503176 / p19 * c2.7387671849079274 / c1.235458982894897 + p12 - c1.0374399312907645 / p1 * c0.8790511077225532 * p27 / p19 
1274,4.194836152097273,p5 + p22 / p24 
1275,4.461292287029151,p1 + p0 - p18 
1276,2.993746673424309,p8 - c4.002723808097888 + c4.122705680409946 
1277,4.461292287029151,p1 + p0 - p18 
1278,4.461292287029151,p1 + p0 - p18 
1279,3.924216938545502,p11 / p18 * p20 - p32 + p26 
1280,13.151497719557234,c1.031406147050048 + p11 / c4.784355310460238 * c0.4919997833357881 - p13 / c1.5772099138446105 * c3.3852274277663303 * c1.5254020063999274 / p34 / p29 - c2.481948264195366 + p22 
1281,9.861628897229776,p33 - p18 - c1.0940928035695126 / p19 * p28 + p10 / p28 + p33 
1282,4.920950649137052,p1 + p10 / p9 
1283,2.874238969630922,c0.06467663283370062 * p20 / p21 + p5 
1284,2.882552132646069,p0 - p12 / p30 / p34 / c3.9661990382008296 
1285,2.8931654007524656,p0 - p12 / p30 / p34 
1286,2.919407865533288,p15 + p8 / c1.4209496479803108 / p30 / c1.1519428484859446 / c1.0690649772890333 / c4.202402292377238 
1287,7.081721064119803,p31 - p22 * c1.4910306097176278 / p9 - c0.8775115441609482 * c0.2945684199617754 / c3.1952752646038807 * c4.420301052941715 
1288,7.656210450013128,c0.06467663283370062 * p12 + p6 
1289,11.880566263872277,p28 + c4.876697725182105 / p13 + p10 / p31 / p24 - p3 / p16 
1290,9.276949317753564,p20 - c4.322017691185117 / p7 / p33 
1291,1.6106706036419547,p31 - c1.4910306097176278 / p9 * c4.420301052941715 
1292,5.30190511170649,p12 + p19 - p29 
1293,2.9638477888442862,p21 - p2 / p21 / c4.365280552529524 
1294,1.9556669636607624,p32 * p31 / p18 
1295,8.613482178213006,p12 + p19 - p29 + c1.006125823412909 / c1.7702658564276708 
1296,1.849979889903084,p31 / p8 * p5 
1297,2.999705739420297,p17 / p22 / c4.919515985098116 + p23 
1298,5.532613844885241,p31 - c3.2770074583409903 + c2.7650903291351185 + c0.9529091391441302 
1299,2.72725278796944,p31 / p5 - c1.0915271880866129 + p5 
1300,1.478995765845276,p31 + p5 - p5 
1301,11.321209236876603,p31 + p5 / p22 + p33 / p34 / p27 
1302,18.107763193389456,c0.06467663283370062 * p12 / p4 + p18 - c1.4124338917809558 * c4.361455301780057 + c4.449933842666678 - p1 + p25 
1303,10.537725809929324,p25 / p15 + p13 
1304,3.2605753316137265,p4 / c4.104806248656013 * c0.20732972253578064 / p14 + p6 / p8 * p16 
1305,8.984273992643637,p12 + c1.006125823412909 + p33 - p11 
1306,2.269443184195332,p12 + p33 - p11 
1307,16.95727363102359,p33 - c3.676102315926709 / p32 / p8 - p12 / p3 + p11 - p31 
1308,3.1964250201164743,p28 - c3.112301310694892 + c1.3037767425325753 + c1.5526371456132164 
1309,29.671211242274,p33 / c3.2221324650211374 / p23 * p2 + p22 
1310,4.068373346616891,p2 / p9 + p8 
1311,2.5356602772993084,p16 * p28 / p17 
1312,4.8060819171871865,c0.3565887684527863 * p22 + p10 * p1 / p26 / c1.466653727403227 
1313,5.587222551864715,p20 - c4.411031881567359 / p12 + c3.8123280114934284 / p5 - c0.49291064887519886 - p20 + p30 + c0.2243969926931999 
1314,11.191865890666824,p20 - c4.411031881567359 / p12 / p5 - c0.49291064887519886 - p20 + p30 + c0.2243969926931999 
1315,12.51311567638613,p26 + c1.1966377352088242 * c1.0281683647405437 / p15 * p25 / c1.0741039920889213 
1316,2.513474035488332,p5 - p30 + p33 
1317,9.096987604733856,c4.773673607262026 / p31 / p30 * p21 / p1 + p33 
1318,3.595946635378517,p10 - c0.06875701903216291 + c0.24322297033292417 + p22 / c1.6595302437032766 * c0.32962240458471903 / p24 
1319,10.868330182976353,c2.724692064253426 + p21 - p31 / p21 + c0.5475584565592279 - c4.180726459929691 / p5 
1320,9.303253059522245,p11 - p15 - p23 + p27 / p16 + c4.049290164566008 / p33 - c2.2555521346959884 + p32 + p7 
1321,9.596088308525294,p21 - p31 / p21 + c0.5475584565592279 - c4.180726459929691 / p5 + c2.4064590560476824 
1322,11.524098272935484,p31 + c0.5475584565592279 - c4.180726459929691 + c2.4064590560476824 
1323,4.68174686923234,p25 * c3.046773997926024 / p19 / c2.5443450905828433 + p5 
1324,2.28559605513814,p16 - c0.5279116369249653 / c4.074114178207236 / c4.384869233871701 
1325,2.5759668095322463,p16 - c0.5279116369249653 / c4.074114178207236 
1326,10.099639247235764,p7 - p7 + c1.5590971675765009 / c1.5361169484752124 + p12 
1327,5.105844774938717,p21 / p1 / p33 * p17 / p28 * p10 / p32 + p26 
1328,5.667441794863031,p27 - p20 * c1.898925964889628 / c4.474476249904389 / p27 - p25 + p20 
1329,4.021256064403438,p30 / p1 / p8 / c3.1056239206819187 - p30 / c3.4649000282657805 + p2 * c1.3008669337171046 
1330,15.180303152718269,p27 - p20 * c1.898925964889628 / c4.474476249904389 / p27 - p25 / p6 
1331,21.23895247238949,p33 * p26 / c1.552184154347237 * c2.5215496020197947 * c1.2420046504927225 / p25 + p31 / p19 / c3.7745391153581482 * p29 / p27 - p5 - c2.592272348249956 
1332,3.4852672388694,p12 + p28 / p29 
1333,13.829250785599337,p3 - p30 + c4.323880551130286 + p28 - c2.9976217008405492 
1334,10.526603154485445,p16 / c2.263283883470889 / p10 + p33 + c0.6013441587219798 
1335,17.50260108442409,c3.9078981203808643 - c2.993719035774622 + p26 + p8 * c0.43801544889161326 / p26 / c1.4086530425070665 + c1.4567560102901267 / c3.3730447427188825 
1336,5.858242368704426,c0.7920965218945264 - c0.6977361644475794 / p2 + p23 
1337,2.200333807798996,c0.8667263325784191 - p10 / p28 + p30 
1338,18.6068702167972,p27 - c4.922477803261603 / p31 / p16 * p6 
1339,12.138629904254794,p20 + p25 - c4.4268893127652715 + c3.341884722566824 - p6 
1340,13.519347483212917,c0.8667263325784191 - p10 / p28 + p30 / c4.47115195331138 / c1.5084393099819855 + p33 
1341,2.597508246843778,p20 + p25 - p6 
1342,2.597508246843778,p20 + p25 - p6 
1343,2.800191779336319,p27 / p30 * p10 
1344,2.800191779336319,p27 / p30 * p10 
1345,2.800191779336319,p27 / p30 * p10 
1346,57.18762229496491,p26 * c0.29578400638826274 + c2.8626533007776263 + p32 
1347,13.61226458646273,p30 - p2 / p34 + p22 / p26 * c1.518307092754143 
1348,82.298652822986,c3.7275606124719243 - c1.4550292136888476 * p18 / c4.438815100571774 / p27 
1349,2.388623768164148,p27 / p10 * p18 
1350,2.388623768164148,p27 / p10 * p18 
1351,2.388623768164148,p27 / p10 * p18 
1352,2.388623768164148,p27 / p10 * p18 
1353,2.388623768164148,p27 / p10 * p18 
1354,2.3222516991113777,p18 + c4.7553323155863705 / p24 
1355,3.841884834261726,p27 / p10 * p18 / p8 * p22 
1356,14.894737585641288,p11 - p15 * c1.827991271388285 / p28 + c3.1976041375863518 
1357,2.5074378172490075,p10 - p23 * c0.7902885495518858 / p19 / p30 
1358,3.1487599483399658,p32 / p1 * p33 
1359,2.3256356356890127,p21 + c2.113025779959366 - c2.068008050870802 
1360,27.97867956490497,p16 / p21 * p20 - c2.8030852465882896 
1361,15.720613824978251,c3.427895983585932 / p8 * p13 - c0.8055869180166875 * c3.675168332179908 / p18 + c2.51215468955371 / c2.505624061610596 / p34 + p26 + p33 - p2 - p21 / p12 
1362,19.53829397762073,c2.2547230491919845 / p18 * c2.1339763435727557 / p25 + p10 / p12 * p8 / p27 + p13 + c1.5186013766755897 - c4.530765463038891 - p2 / p33 + c0.7654652882082724 / c4.626931659837 
1363,5.181303366284696,p23 / p23 / p27 - c4.073518418323304 / p14 / p22 * p2 + p3 
1364,1.820009741718952,p30 + p10 - p13 
1365,2.72347426238944,p23 / p14 / p2 + p3 
1366,8.66176417809513,c0.36371733476734003 / p3 + p1 - p2 / p31 
1367,2.682351608146335,p33 + p2 - p16 
1368,13.023982299876971,p18 - p21 + c4.384265432057191 / p3 + p20 - p12 / p29 / p26 - p3 / p12 - c1.63201817800861 
1369,9.733366951542187,p17 + p27 / p30 
1370,3.200121924409602,p2 * p7 / p3 
1371,5.569635348752577,c4.994664206773042 - c4.733494904886824 + p25 / p31 / p32 * p16 * p31 
1372,18.49406336685641,p21 + c4.787713681127195 / p8 
1373,9.950112549301258,p17 + p16 / p20 
1374,48.50343066797124,p21 + c4.787713681127195 / p8 * p13 
1375,6.283312025643626,c1.5186013766755897 - c0.6178921445569729 + p32 - c0.23373387258248446 
1376,12.930156360151951,p23 + c1.3420472443856317 + p23 - p21 
1377,3.444814843089692,p32 / p24 / p10 / c1.5211898424135857 * p12 + p3 
1378,27.64808008875016,c0.8851162436879301 - p24 + p19 + p13 - p5 + p28 + c0.7985558149803285 - p8 * c4.313839624791403 * c2.221112738291606 / p1 / p7 - p8 / p4 - c0.5269866655103611 
1379,21.46593198793679,c0.8851162436879301 - p24 + p19 + p13 + p28 + c0.7985558149803285 - c4.313839624791403 * c2.221112738291606 / p1 / p7 - p8 / c0.5269866655103611 / p2 - p0 
1380,5.003637837859155,p31 + c2.654687733314866 / p17 - p32 / p28 
1381,2.256344512813913,p18 - p21 / p20 / p26 / c1.63201817800861 / c4.325140872860415 
1382,6.755730054173485,p13 - c0.8055869180166875 + p21 / p20 * c1.4248727953411422 - p18 / c3.085603155187653 / p4 
1383,4.317383777695397,c4.244318669855872 / p24 + p1 + c0.012945235780086883 / p34 + p21 - p30 
1384,2.0779424333922494,p13 + p30 - p25 
1385,2.0779424333922494,p13 + p30 - p25 
1386,1.4914949749120037,p32 + p28 / p31 * c4.841772539910761 / p29 
1387,1.7982198616984892,c1.7998245800891004 / p19 / c2.4332483693518503 - p1 + p30 + p3 
1388,4.000900676232734,p11 - c0.38758921516994893 / c2.9719310665801557 / p13 / c2.0908332566622607 / p4 - c0.6715454002804638 + c0.358322730169921 
1389,8.090027901354782,c0.12993911318731233 * p26 * c2.1463350016463014 / c4.515921633408376 / p16 + p17 + c3.845671745766921 / p14 - p4 + p24 
1390,82.2886218843478,p11 - c0.38758921516994893 / c2.9719310665801557 / p13 / c2.0908332566622607 / p4 - c0.6715454002804638 + c0.358322730169921 - c2.436736253343504 + p23 
1391,1.8285225006832184,p7 / p20 - p0 / p30 + p26 
1392,13.254317988839103,p1 + c4.014487768112366 + c2.9482816071702924 * p27 / p24 - c3.693054296918345 
1393,9.964069671230954,p7 / p6 + p28 
1394,3.788869630312933,p10 / p9 + p18 
1395,33.097605924738815,p27 - p33 / p10 * c0.9156407259892158 + c0.562038070180651 / p33 / p21 + c4.245850193285109 
1396,34.65871329094309,p0 / c4.54352931821504 / c3.6371136050629858 - c0.4827842512268027 + c1.7918119915781765 * p15 / c2.797327779952099 
1397,5.512765847969506,p8 / p31 / p25 + p5 
1398,4.341947038736646,p30 + p18 - p17 + p20 / p19 
1399,18.942467667921065,p29 - p24 + p32 - p21 * c1.6921171753447384 / p28 
1400,1.805104281818522,p26 * p8 / p10 
1401,29.01686052992851,p32 * c3.332315085503975 - p2 - p1 - p23 - p30 / c4.074674961965302 / p16 / p18 + p8 
1402,4.113760339989395,p8 + p5 / p34 - p2 + p17 
1403,3.503763168071364,p20 / p31 * p16 
1404,2.8887539932004422,p14 / p14 * p2 
1405,15.52089098286888,p14 / p14 * p7 + c1.5847960709383484 
1406,5.188142584302594,p0 + p13 - p30 - p21 / p29 
1407,2.841856385443672,p0 + p31 - p20 - p11 + p31 
1408,29.055100302433207,c1.1108943723483466 * c1.161444126569765 * p0 + p28 * p17 / p22 - p3 
1409,63.391035556433096,c0.861406516360419 / c0.9483800303822748 + p23 / c3.6217525346671997 
1410,3.9761995386286366,p26 - p9 + p1 / p6 * p3 - p8 + p4 
1411,9.720602290705344,p6 + p25 - p23 - c0.5231758421482968 / p17 + p0 / p22 
1412,35.174658117806786,c1.508255603980505 - c2.7193164091248145 + c0.7762734800573989 * p17 
1413,10.281942678360403,p20 / p2 + p2 
1414,4.094945730053428,p26 - p9 + p1 - p8 + p4 
1415,9.024544149923065,p25 - p30 + p12 + p13 / p4 - c2.8228433470026024 / c3.297157914503055 / p5 * c2.0288664542010952 
1416,10.073970616948094,p11 / p13 + p12 
1417,12.25257230302588,p11 - c3.241319003023202 + c4.250953393649052 - p5 + p21 
1418,58.56307570739104,c0.38808803444844 * p11 + p33 + c1.9524209271313193 
1419,14.071588130656126,c4.320171728990444 / p4 * p22 + p31 
1420,1.755966777037249,c4.320171728990444 / p4 + p28 
1421,3.0674729491055475,c1.0900908961099476 / p8 / p6 + p30 
1422,3.2666510627682417,p24 / p29 * p0 
1423,2.372653072561436,p20 + c0.20134956094913836 / c4.7292322801473174 * p2 / c3.5915043512218334 
1424,36.07081466547207,p2 - p33 / p4 + c3.91940053746674 
1425,51.19502812808756,c2.4580246401238686 * c3.889145540537586 / p8 * c0.6930052566390155 / p32 * p31 * c4.35666484752382 / p15 / p23 + p26 + c4.643581477874059 / c3.438956702085319 / c0.813830930106989 + c3.2590571778398916 - c2.7959731438991438 
1426,9.94011738127352,p30 - p27 / p6 
1427,12.78920522325439,p30 - p27 / p6 - c0.7985003641372324 / p22 
1428,66.47229952192494,c3.889145540537586 / c0.6930052566390155 / p32 * p31 * c4.35666484752382 / p15 / p23 + p26 + c4.643581477874059 / c3.438956702085319 / c0.813830930106989 + c3.2590571778398916 - c2.7959731438991438 
1429,7.138874800851871,p24 - p4 + p31 
1430,45.358451988423965,p16 * c3.407265310314453 - c0.3192522663840902 + c0.42604234139647035 - p20 - p23 
1431,21.58854652146588,p28 + c1.5490568003448657 - p13 / c4.4881401208022105 
1432,44.301316026918414,p16 * c3.407265310314453 - p20 - p23 
1433,2.6116709183893425,p28 - p0 + p16 
1434,3.227931824623026,p27 / p32 * p7 
1435,37.46827598051758,p16 * c3.407265310314453 - p20 - p23 - c1.8462905181345253 - c0.023156986323467632 / p26 
1436,10.54557778601258,p28 - p0 + p13 + p13 / p18 
1437,34.02292158067098,p18 / c4.598810288695346 - p1 * c2.5178493383183227 + c1.6792918554025271 + c4.624955626842942 / p1 - p3 * p12 / p30 + c4.210806623745037 * p22 
1438,4.06940296924371,p7 / p9 + p10 
1439,19.79059353017921,c4.509980406683832 / p14 - c3.1885355491098357 + c4.747774347289429 + p0 + p10 / p23 / c1.9168855654145238 / c1.7492335371721386 
1440,10.30485014587788,p32 / p8 + p28 + p0 / p19 * c1.6525858141122947 / p8 / p34 * p2 * c3.694370854920802 / p12 / c3.009158296916512 * p0 
1441,10.088052235461868,p32 / p8 + p28 + p0 / p19 * c1.6525858141122947 / p8 / p34 * p2 * c3.694370854920802 / p12 / c3.009158296916512 * p0 / p10 
1442,10.090286934066295,p32 / p8 + p28 + p0 / p19 * c1.6525858141122947 / p8 / p34 * p2 * c3.694370854920802 / p12 / c3.009158296916512 * p0 / p10 * c1.2323880719126867 
1443,19.21666781682796,c1.0823991995593922 + c3.406976450681169 + p32 / p28 * p34 + c0.8544844419847059 - p12 - c4.955359800190348 / c1.7105005196170897 - p19 + c1.959596715400005 * p27 
1444,52.00029231871351,c3.595846757667089 / c4.571365815863787 - c1.9527719560547652 * c3.394602518593458 / c2.9895383411717553 / p25 + c2.384887966041318 * p13 - c4.013019092136974 * p15 / p22 / p29 - p8 + c4.097203730215934 / p6 
1445,42.65451924487619,c3.595846757667089 / c4.571365815863787 - c1.9527719560547652 * c3.394602518593458 / p25 + c2.384887966041318 * p13 - p15 / p22 / p29 - p8 + c4.097203730215934 / p6 - c2.7586474946123722 
1446,10.327319114854824,p5 / p16 + p18 
1447,10.127526811269185,p27 - p18 / c3.4092403688434776 * c3.812705029739296 + c1.2058078321947163 - p15 / p33 + p26 
1448,22.644037524331186,p7 * c4.812566098029468 / p2 * p31 - c3.0747940278996784 * p15 - p23 
1449,12.855909291122575,p27 - c1.2058078321947163 - p15 / p33 + p26 / p22 
1450,2.243484385381515,p27 - c1.2058078321947163 / p33 + p26 / p22 / p27 
1451,2.691332116022076,p5 * p13 / p15 
1452,2.501759680512402,p8 - p30 / p2 / c2.335504739933281 / p9 
1453,4.736341731695185,p2 - p13 / p34 
1454,2.6894715385849346,p31 + p26 - p15 
1455,2.6894715385849346,p31 + p26 - p15 
1456,1.3714350473367647,p34 / p24 * c0.37107687209792406 / c2.456651245916621 / p12 + p33 
1457,2.099305128560143,p31 + p15 - p25 
1458,3.8553701594492535,p8 - p2 / p26 / p19 * p8 
1459,7.023892666719089,p0 - p26 - p30 + p29 + p28 - p14 + p30 
1460,6.07733659625105,p22 * c1.4595153484669054 / p34 + p1 
1461,3.642079169610101,c4.955359800190348 - p27 + p15 - c3.9162191192722693 + c0.8322357370767736 + p20 - c1.7885530177018538 
1462,1.757337586442591,p27 + c2.738156763992616 / p19 
1463,2.408745647028337,p20 * c1.998253451108463 - p16 
1464,2.408745647028337,p20 * c1.998253451108463 - p16 
1465,2.408745647028337,p20 * c1.998253451108463 - p16 
1466,2.408745647028337,p20 * c1.998253451108463 - p16 
1467,5.156422333249141,c2.335504739933281 / p29 / c2.57666542291481 - p15 + p8 + p12 - c0.8678565956187734 / c2.957899712665946 - p33 + p28 
1468,28.06506753033664,p33 + p4 + p16 * p1 / p15 / c4.252193652322765 - p24 
1469,22.279473496153223,c1.1468294343932754 + p15 / p32 / c0.9529429005280893 + p10 
1470,6.1123134471914415,c1.1468294343932754 / p32 / c0.9529429005280893 + p10 
1471,23.05796667393681,p23 / c0.9682584408665718 - c2.566715731067117 
1472,2.30362534529344,c2.403319536849078 + c0.05558217088447781 + p24 / p24 + p17 + c3.5810152316863553 - c1.9371409380780003 * c0.9096702314514632 * c3.9637364454349964 
1473,2.302646418938928,c2.403319536849078 + p24 / p24 + p17 + c3.5810152316863553 - c1.9371409380780003 * c0.9096702314514632 * c3.9637364454349964 
1474,1.571213490420793,p25 * c1.1157241634692556 / p14 / c3.0984604010648233 + p33 
1475,11.244233605622735,c2.403319536849078 + p17 + c3.5810152316863553 - c1.9371409380780003 * c0.9096702314514632 * c3.9637364454349964 
1476,1.8214272302837835,c0.8322357370767736 / p24 * p3 / c1.3111491112642337 / p21 + p8 + p26 / p28 * p33 - p1 
1477,8.736913627362696,p25 + c3.847632591361237 - p28 / c4.569444435669697 / p31 - c1.8630832012790643 - c1.0807840709374272 - c1.5247395205546022 
1478,10.20769966775406,p25 + p25 / p16 
1479,1.3595121613675365,p32 + p26 - p30 
1480,2.968530299767988,c1.0220291557700771 * p15 / p21 * p26 
1481,2.3948292252461125,p32 + p30 - p13 
1482,2.3572084884899565,p30 - p13 + p2 
1483,4.6735240304642405,p2 + c1.1361489690327815 + c1.115119217237614 / p3 - c0.4055423107882439 - c2.9589957726995593 / p12 
1484,3.31962638124526,p32 - p15 - p25 + p1 + p7 
1485,1.5670174487417237,p30 - c0.2975962851649405 / p23 * p27 / p32 / c3.714004380644083 
1486,2.179616998992429,p30 - c0.2975962851649405 / p23 * p27 / p32 
1487,2.45555277211831,p22 + p30 - p21 
1488,2.400397449772316,p25 + p7 - p0 
1489,2.45555277211831,p22 + p30 - p21 
1490,1.7627991656654372,c1.0220291557700771 / p26 / c4.003557523949956 * p33 / c3.434563226515719 + p30 
1491,2.400397449772316,p25 + p7 - p0 
1492,4.30343481957792,p27 / p31 * p26 * p13 / p26 - c3.670484907573771 / p24 - p13 / c4.479185043493493 / p3 * c1.080832474129626 / p25 
1493,3.4572443904162067,p18 / p9 + p30 
1494,3.4572443904162067,p18 / p9 + p30 
1495,2.705049425309949,c0.68217940468912 / p33 / p29 - p13 - p32 + p32 + p3 + p15 
1496,3.4572443904162067,p18 / p9 + p30 
1497,8.454896660187659,p11 - p15 - c1.90735861458939 / p33 + p12 
1498,3.513904158275285,p16 - p28 + p10 * p17 / p13 
1499,8.735457607649836,p21 - p0 + p0 / p28 * c2.7826452787045355 / c4.404541187764532 + p16 
1500,9.575327206805548,p18 / p33 + p27 
1501,1.8649480563142475,p8 + p33 - p2 
1502,2.7916169430540987,p0 + p32 / p27 - p17 / p31 
1503,1.4593201464688257,c1.5575109275560872 / c3.309800687031219 / p9 + p32 
1504,12.206640220959972,c3.550525532347866 - c3.7607883586076922 - p21 / p32 * c1.4123224974688293 / p7 / c0.5439278098807354 + p28 
1505,2.9147706252863577,p0 + p27 / p31 / p19 
1506,2.5289376181942163,p10 - p13 / p31 * p5 / p9 * c1.3600209307709754 / p2 / p29 * p3 + c1.2361140961737682 / p24 
1507,4.357660376916224,p0 + p31 / p19 
1508,3.425087137911926,c2.4383087637591823 / p13 - p21 / p0 / p28 + c2.11338567632053 / c3.3470972772271343 - c1.4823343214194873 + p31 
1509,4.061320399478281,c2.8601459994916962 / p12 / c0.9429268688864256 / c2.592329013400874 / c2.487454786888587 + p6 
1510,1.7315159675892298,p18 + p27 - p22 
1511,2.9108392158204923,p0 + p31 / p19 / p5 
1512,16.3702732207987,c1.4527300163770895 + p16 + c2.2932375402616714 / p4 * c1.7089641687480621 
1513,3.3572024691782074,p12 + p13 / p4 * c0.9243673677096376 
1514,3.509944525559692,p12 + p13 / p4 
1515,4.997554351392511,p16 / p3 / p10 + p17 
1516,4.270958144916742,p1 + c2.6798310164991883 / p27 / p23 / p31 / p26 
1517,2.366713272525257,p15 + p30 - p27 
1518,2.366713272525257,p15 + p30 - p27 
1519,2.366713272525257,p15 + p30 - p27 
1520,2.125303891996818,c0.9529429005280893 + p18 - p21 - p21 / p11 + p30 
1521,3.2748066409522463,p15 - p27 + p20 
1522,2.125303891996818,c0.9529429005280893 + p18 - p21 - p21 / p11 + p30 
1523,3.007886880639294,c1.5351320747897435 / p14 - p8 / p16 / p21 / c2.358449082222642 / p31 + p5 
1524,1.7253416883559909,p3 - p0 + c1.6250238941318917 * c2.172862799931719 / c3.5509309181138837 * p31 
1525,7.222418020256387,p33 / p23 * c0.602743852401223 + p26 
1526,10.28156429134562,p33 - p16 / p2 
1527,5.278621451161712,p32 - p11 / c2.255943004804389 / p8 + p18 - p32 
1528,29.02110331081373,c2.032737631433801 + c2.5738083516669104 / p22 - c4.909210319886334 / p30 - c4.012657451151659 + p7 
1529,2.546083150870668,c1.0911693127581368 / p1 / p25 / p19 + p11 
1530,1.88842863629153,p32 - c2.977235032924826 / p34 * p31 / p13 
1531,2.9292542329890727,p4 * p1 / p4 
1532,2.0275871435230046,c2.977235032924826 / p34 * p31 / p13 + p22 
1533,3.161524682807527,p31 + c2.472130340743483 / p0 / p18 / c1.3811742425913272 / p30 
1534,42.50535272237841,c1.014328928613149 / c1.2795064267699678 * p5 - c0.33880861857155 / c3.732191679899173 - p11 * p17 / p12 - c2.9016891268040217 + p28 / p21 * p3 + p21 / p16 
1535,7.358829760030123,p3 - p0 + c3.5509309181138837 * p13 / p34 * c0.6489466056176652 + p23 
1536,17.363876982108444,p28 * c1.9412825992788085 * c0.25856001821718766 / c2.0112742633637204 * c3.3109640721680025 
1537,4.084657849066683,p30 + c3.23835132659194 * c0.07764333876569163 + p30 - p22 
1538,2.874452502272342,p2 + p18 * c1.4710513133176906 / p5 / p25 * p12 / p29 
1539,4.119501904580417,p30 + c3.23835132659194 * c0.07764333876569163 + p30 - p22 - p30 / p34 
1540,3.7266424102788345,p30 + c3.23835132659194 * c0.07764333876569163 + p30 - p22 - p30 / p34 / c3.9054172228416135 
1541,4.898841845615952,p2 + c1.4710513133176906 / p5 / p25 * p12 / p29 - p30 + p1 
1542,1.4679712797287234,p28 - p6 * c0.01128684254104284 * p21 / p16 / c4.971022760515786 
1543,2.05907000963828,c0.24135797479169274 / p4 + p22 
1544,2.4646520794495435,p27 / p11 * p15 
1545,17.29356348075309,p19 + p11 - p14 + c2.0407183217369567 / c1.346381201261075 
1546,1.4923987090758664,p30 + p30 / p34 / p26 
1547,3.5965002154115555,p23 + c1.162906398843797 / p14 - p10 / c3.375104854071524 / p10 
1548,2.416350391291408,p13 / p3 * p26 
1549,1.766853237010569,p25 / p13 * p15 
1550,3.916028833245644,p19 + p11 - p14 
1551,1.766853237010569,p25 / p13 * p15 
1552,5.4181451989596,p21 + c1.256162629556642 / p13 / p33 - p24 + p29 
1553,3.3668517463701426,p3 - p0 + p17 / p15 / p27 * c0.5557305907419274 + p27 
1554,3.2538412088193303,p10 + p19 / c2.90224702865638 * p7 / p31 / p29 / p33 
1555,3.2734921640211314,p31 - p24 - c0.6979179971807636 / p17 / p13 / p15 + p19 
1556,3.461543636113571,c0.2731564046506879 * p5 / p25 + p22 + c4.147338701306823 / p4 / p31 / c4.511277884360885 * p10 
1557,2.917280493742539,p2 - c1.4044075141494694 / p1 / p19 
1558,9.706761940053172,p22 + p15 / p5 
1559,1.798132154316666,p32 * p21 / p16 
1560,1.798132154316666,p32 * p21 / p16 
1561,7.543982127701507,c4.678431783201541 * p24 * c0.20833946234840084 - p3 / p13 + c2.8638322319879745 / p18 * c1.2775602838520732 + c1.5737563641528596 + p21 - p29 
1562,2.8834846739476463,p31 + p0 - p17 
1563,5.017813602478508,p12 - c0.5551420337614749 * c1.837229476040208 / c1.2399082593118176 / p25 
1564,3.814983672138388,p1 / p19 + p18 
1565,3.814983672138388,p1 / p19 + p18 
1566,3.814983672138388,p1 / p19 + p18 
1567,4.500028537901325,c0.6424536529431424 - c1.9079597548220977 * c0.5493699858609297 * p5 / p22 + p21 
1568,4.422121868598838,c0.6404515988644816 / p6 / p7 - c3.1041761296525983 / p1 * p31 + c2.7762874527723462 + p7 
1569,4.538539091294225,p10 - p30 + p2 
1570,3.0941336055078943,p7 - c4.637457551130043 / p9 
1571,3.18398370347335,p7 - c4.637457551130043 / p9 + c0.22372728671677278 
1572,3.44742298082302,p0 / p0 / c3.4979355246413313 - p19 / p25 / p19 + p21 
1573,2.2826906315238547,p34 * p33 / p19 
1574,1.7788081823637658,p11 + p33 - p21 
1575,1.7788081823637658,p11 + p33 - p21 
1576,4.645764615419142,p22 - c1.6712861750628183 - p8 + p26 / p18 + p28 + c0.9940419664108013 / p6 
1577,20.220738781351983,p27 + c4.273883778427719 - p15 / p27 / p25 * p30 * p23 / p0 - c2.0840598219847744 + c1.5648480352322824 / p19 + p2 / p15 + p33 - p31 
1578,2.6598538694352207,p30 - p0 / p34 * c3.73777079363785 * p16 * c0.08961923711611475 / c0.4657021321366661 / p31 
1579,2.631195159098813,p10 - p10 / p30 / c3.3964529711370544 / c1.1717160372666058 / c2.045535318625215 / p15 
1580,2.027760555004636,p11 + p33 - p21 / p14 * c0.10898303047438329 - p25 
1581,3.1092929325920804,p10 - p30 / c3.3964529711370544 / c2.045535318625215 / p15 
1582,3.868638130851775,p1 / p12 + p8 - p6 / p17 - c0.2488712581037955 
1583,2.0642642474824062,p18 - p15 / p4 / p5 
1584,3.1184919271007687,p22 + p28 + c0.9940419664108013 / p19 * p22 / p4 * p9 - p28 
1585,3.4852621862623043,p21 / p4 + p30 
1586,3.4852621862623043,p21 / p4 + p30 
1587,6.990271069994582,p33 - c4.112514840482394 + c4.796837258618105 
1588,2.288837871008675,p25 / c4.898486416091972 / p10 / p19 / c4.583799471532075 * p8 + p15 
1589,1.8418837238711423,c0.02091543781276295 / c3.228966785871559 + p26 
1590,4.194641391060962,p5 - p6 + p5 / c2.767853178125196 * c2.702202991619447 
1591,8.307525730891058,p32 + c4.415317985535673 - c0.05116003405315095 / c0.7164386161675357 / p26 - c3.5033746286760343 
1592,3.2300870948092606,p21 + c3.5357170763284977 / p34 + c0.2430908865030773 / p28 
1593,5.806048083472146,p7 - c3.9629470958976847 / c3.6859291001032113 * c0.37550892931533464 
1594,2.648358521566515,p18 / c4.9390240124711235 * c4.921517895431747 - c0.6203787066462341 / c2.7745354903631854 * c1.1833938449404764 / p16 
1595,2.8013163246217347,p1 / p28 + p7 - p0 / p22 
1596,2.287083236367018,c4.829453371917825 + p17 - c3.0265104844041795 * c1.579088855134691 
1597,1.3556696457162525,p33 - c4.112514840482394 / p29 
1598,1.1209896114859248,p33 - c4.112514840482394 / p29 / p11 
1599,10.883379003609136,p21 / p22 + p8 
1600,2.906154894173152,p17 / c4.534030130707026 * c2.448097597596729 / c1.9005469939870272 / p30 / p8 / c4.822253715407306 + p2 
1601,4.404043004278324,c4.534030130707026 * c2.448097597596729 / c1.9005469939870272 / p30 / p8 / c4.822253715407306 + p2 
1602,8.753745693073409,p23 - c0.026401278503999093 * p5 + p33 / p26 
1603,2.226851467001038,p27 - p20 * p26 / p26 * p4 / c4.312434941999604 / p29 / p24 * p3 / p33 
1604,3.2539337202395093,p7 - p13 + p10 
1605,4.124194162586581,c0.45438330236825586 - c0.32687648853926166 / p2 - c3.9516805197232623 / p19 + p21 
1606,1.8127973024954167,p17 - p21 + p18 / p17 * p28 
1607,3.2633714917156045,p7 - p13 + p6 
1608,3.2633714917156045,p7 - p13 + p6 
1609,3.180508921728056,p30 / p23 + p27 - p28 / p11 + p7 / p10 / c3.682621859318627 
1610,4.037835390697863,p7 - p13 + p6 + c0.6578777102748634 / c3.7018443404608554 
1611,1.7939159349940244,p23 - c3.3471991199566116 / p5 / c3.8193473720347977 * p10 / p14 
1612,3.4040898108919424,p7 - p13 + p6 + c3.7018443404608554 / p24 
1613,4.535557511453424,p30 + p18 / p33 / p15 
1614,3.9684386676669097,p13 + p6 / p24 
1615,5.80394151033063,c0.7828683234451411 + p17 / p22 - c2.7898876049786643 / p25 / p7 / c1.6424969230535358 - c1.98385768270827 + p13 + p26 / p31 
1616,2.56857585851916,p28 * c4.37378498506861 / p24 / p33 + p21 
1617,2.061154102998928,p23 + c1.4184179308156786 / p4 * c3.219464880302341 
1618,7.971492325991825,p10 + c0.6836115311691887 - p21 / p14 - p15 + p0 
1619,3.3791571807555703,p26 * p20 * p28 / p2 / p18 
1620,3.680003399399855,p3 / p29 + p7 
1621,4.065738302181455,p0 + c1.521604270724846 / c1.5177190406182635 / p22 / c2.0534965754389365 
1622,4.094703499207733,p3 / p29 + p8 
1623,2.566897066027924,p10 + c1.9685273531869756 / p29 
1624,2.07118029053564,p18 * c0.15284214760601988 / p34 * c2.904605358828877 + p30 
1625,5.058645415274672,p3 / p29 + p8 + c0.6942111745268853 / p28 / p1 
1626,4.759816209415955,p22 + p3 / p11 / p17 
1627,2.140706764900981,p30 / p9 / c1.6494539758990263 + p27 
1628,2.0683296376999576,p10 / p17 * p27 
1629,1.4744940893055252,p23 - p23 + p32 
1630,1.4744940893055252,p23 - p23 + p32 
1631,6.936965101062037,c1.4599990096351978 - p2 / p3 - p29 + p26 / p11 * p23 + p34 
1632,4.5306727265257685,p23 / p2 + p28 - c2.9459420099223097 / c4.821971642491734 
1633,4.318125226780984,p12 + c1.9801779862555553 / p7 / c0.9297884875071533 / c4.5059771458159465 + p17 - p23 
1634,6.451092253982551,p28 - c2.9459420099223097 / c4.821971642491734 
1635,4.609296106983468,p20 + p21 + p5 - p28 - p30 
1636,3.275372179003916,p30 / c1.6494539758990263 / p2 / c2.5920724899140195 + p23 
1637,6.451092253982551,p28 - c2.9459420099223097 / c4.821971642491734 
1638,2.7198623357731737,p0 - p18 + p27 
1639,1.79677421477863,p18 + p27 - p18 
1640,2.558447591066608,p21 / p1 * p12 
1641,2.558447591066608,p21 / p1 * p12 
1642,52.4030379080071,p1 - c4.32046219589054 - c1.055572454221595 
1643,3.843775279932288,p11 / p33 * p25 - c0.1524758768195339 
1644,7.049115551612993,c4.895000130637307 - c4.91364170584443 * c1.6163085447417902 + c3.671152825420201 + p15 
1645,2.298935634963488,p26 * p20 / p18 + p26 - p21 / p6 * p1 
1646,2.0731475259937,p1 - p6 + p26 
1647,10.04102795226252,c1.824959069619454 / p4 - c1.5395260620353868 / c2.6824764519580606 + p27 - p25 / p15 * c0.9018777778106135 / c2.5511986260302773 
1648,3.05777463198227,p20 - c0.2836392285848377 * p13 / p7 / p28 - p18 + p17 
1649,2.655410231006874,p20 - c0.2836392285848377 / p7 / p28 - p18 + p17 
1650,7.130924784829944,c2.7930157618955445 - c0.7989748176321104 / c2.668158216568379 - p13 / p22 + p12 + p18 - p13 - p5 - c4.510046787743201 + p20 + c0.7179530708755893 * c3.4636688828983986 
1651,15.579433101242625,p26 + c3.5475312754241406 / p27 + p27 / p25 * c0.23856555492514975 / c1.5264398480670127 
1652,2.985689316098967,c0.6541239531932203 / p1 / p22 + p17 
1653,10.618003901001371,p33 + c3.847124391194989 * c0.9493805519828213 - p16 / p20 * c1.2882085028944446 * c3.983650208119513 + c2.5997891231830277 
1654,1.4366205674200934,p26 + p33 - p21 
1655,1.1202399762317132,p12 * c0.2959980396548151 / c2.3227683737431364 / p19 + p33 
1656,1.024884668772969,c0.2959980396548151 / c2.3227683737431364 / p19 + p33 
1657,5.176599509458279,c2.88152454425767 * c0.6928769278087754 / p30 + p34 + p6 - p29 - c3.736967971567861 / p2 / p27 - c0.5581750088545195 / c4.301578877649302 
1658,3.888350067922308,p21 + p21 - p2 
1659,3.279420853600739,p8 / p7 / c3.7622749189993643 / c1.6364018239878009 + p21 
1660,5.338642419573829,p21 + p21 - p2 / p6 * p22 
1661,5.480879044577964,c1.4619441206368744 - c3.9519717631326667 / p9 * c1.0507917846047161 / p0 * p17 / p12 - p22 * p9 / p34 / p31 / c0.9090555150342244 + p6 
1662,6.20355924303337,p32 - p22 / c1.9138701757184018 / p16 
1663,3.295486540042588,p10 + p10 / p7 / p12 / c2.857252396321328 
1664,6.777342300661683,c3.8590023659685397 + p0 - p20 + p11 - c3.420182186647434 
1665,4.801246707061273,p26 + c3.2426762944472927 * c0.2860850170055462 / p6 
1666,1.810441115462197,p25 - c3.323462867460631 / c1.1517343876415516 / p27 / p29 
1667,3.1297843241811965,p17 - p5 + c0.2141135698649932 + p3 
1668,4.079230925807087,p0 / p30 / p7 / p16 + p2 
1669,2.6904193019222764,p33 - p33 + p3 
1670,2.3228685483019564,p8 / p33 * c2.3714694079553156 / p29 + p21 
1671,2.7101375714671736,c1.824959069619454 * c3.169783462870352 * p33 / c4.201610262189567 / c3.3945563594005645 / p24 / p22 / p32 + p7 
1672,2.449062118238331,c0.23463881549944277 - c3.669689878424542 * c3.015919071983676 / p14 + p18 
1673,3.817093826832635,p18 / p27 / c2.8146988066497696 + p27 
1674,11.03171759092234,p5 - p5 - c1.802322982607304 + c1.096687819603429 / c0.3858259458366109 + p8 
1675,3.596742627449772,p8 - c0.2072633352413178 * p30 / p7 
1676,3.4052787158101463,p0 - c3.420182186647434 * p26 * c0.15194610166467337 / p12 / p0 / c1.874151898707126 
1677,3.799489757944048,c3.7156041748125093 + p7 - c3.494174847816422 + c0.42060345605385574 - c3.548006445164366 / c4.353005344978184 
1678,2.704279644228628,p2 + p30 - p11 
1679,2.704279644228628,p2 + p30 - p11 
1680,2.116225441131564,p2 + p30 - p10 
1681,2.708775177492618,p7 + p32 - p32 
1682,2.708775177492618,p7 + p32 - p32 
1683,2.797466384342732,p30 + p7 / p30 * c0.7692399871336575 * c0.2719297418025046 
1684,1.4940717102504653,p28 + p28 / p4 / p23 
1685,2.554498381850824,c1.996456092005226 / c0.239159111036491 / p14 / c1.0711633122573545 + p17 
1686,2.2737351588174066,c1.996456092005226 / p14 / c1.0711633122573545 + p17 
1687,13.677573328422806,p29 - p29 + c1.3197177171977492 + p23 / p13 * p0 
1688,2.165066298890309,c0.3945404914321893 / p12 + p33 
1689,4.033257100501346,p3 / p24 / c1.1002712381417585 + p5 
1690,12.204012465690536,p26 - c0.2724333521234179 / c3.0094090626992793 + c3.273472160909026 / p3 
1691,3.6204134609625935,p23 + p28 / p29 
1692,2.881158400042819,p12 / p24 * p29 
1693,3.336381077499797,p18 * p0 / p22 
1694,2.3764745666868823,p26 - c0.2724333521234179 / c3.0094090626992793 + c3.273472160909026 / p3 / c3.589028118482535 - p27 / c2.480621222356338 / p15 
1695,4.2897493357992005,p5 + c1.132356076238978 * p2 / p33 / c4.136644384441125 
1696,3.1865079468860533,p11 * p21 / p25 
1697,7.649206816488769,p26 - c0.2724333521234179 / c3.0094090626992793 + c3.273472160909026 / c3.589028118482535 - c2.480621222356338 / p15 * c1.2769752240320238 
1698,6.115644688516709,p26 - c0.2724333521234179 / c3.0094090626992793 + c3.273472160909026 / c3.589028118482535 - c2.480621222356338 / p15 * c1.2769752240320238 / p6 
1699,1.7602373826741595,p25 + p10 - p10 
1700,2.184621944075042,p20 - c3.5385814947778393 / p29 
1701,4.52443677428807,p2 + p15 - p33 
1702,1.5038964906371552,p18 + p33 - p15 
1703,4.971342672868059,p26 - c3.0094090626992793 + c3.273472160909026 / c3.589028118482535 - c2.480621222356338 / c1.2769752240320238 / p6 + c2.9707811262848076 
1704,2.7036339873387214,p10 + p27 - p1 
1705,24.41240284050697,c3.4549593327404877 - p20 / p28 + p28 
1706,4.993531693709976,p22 / p12 / p3 + p17 + c0.4532594687453845 / p9 
1707,3.2578289129854068,p27 + p33 * p5 / p28 / c3.437816082907635 / p13 
1708,3.711985350699903,p33 - c0.3768334312098537 - p23 + p21 
1709,2.5614870504299927,c1.3246045148460284 + p13 + p16 / p28 - c2.4004681574481883 
1710,4.090813709482076,p1 - p33 / p28 / p16 / p2 * p33 / p7 
1711,1.026408046965002,p33 - c0.3768334312098537 / p3 / p19 
1712,1.8731658234899573,p31 + p2 / p34 * c3.7725415592107163 / p19 
1713,2.30079853133549,p3 * c3.73087302608944 / p28 / p34 + p17 
1714,4.110539245183056,p27 - p3 * p6 / p28 / c3.775821497167246 * c3.562170221150506 + p7 
1715,9.958213155405245,p16 / p11 + p12 
1716,2.1745779253014725,p27 - p21 + p26 * p25 / p28 
1717,8.3500376007015,p16 * c2.5540244976397815 / p30 - c1.8255981882667693 + p15 
1718,9.958213155405245,p16 / p11 + p12 
1719,3.0966345285350427,p32 + p11 / p14 / p19 + p25 + c3.04082300275526 / p15 * p6 / p26 / p7 / c0.8494903129461007 / c3.590454862796161 - p18 
1720,2.1432246422461403,p25 + c0.43274377095026295 / c4.855621110688796 
1721,2.1432246422461403,p25 + c0.43274377095026295 / c4.855621110688796 
1722,2.058220005512622,p25 + c0.43274377095026295 / c4.855621110688796 * c0.8430425968681066 
1723,2.2939828001885028,p16 / p0 / p24 / c2.565167906228893 + p17 
1724,4.45888821313289,p11 / p14 / p19 + p25 + c3.04082300275526 / p6 / p26 / p7 / p18 * p31 
1725,4.947343158478909,p25 / c2.9650018392312987 / p16 + p16 
1726,4.773763981851526,p28 + p2 - p16 * p11 / p18 * p16 / p28 
1727,5.419307982820186,p11 + c4.963577592758364 / p34 + c0.07172429274448111 + p34 / p29 / p23 / p32 + c1.7543719245317935 / p14 / p15 
1728,4.665660138069852,p11 + p32 * p6 / p4 / p5 
1729,3.3589761631072546,c4.757101220022723 / c4.2621495793870325 * p22 / p29 / p12 / c0.9864068442851309 / p24 * p24 * c1.2236171233822835 * c0.7577849859471891 * p12 * c0.29605812048614677 + p1 
1730,13.392541772421612,c3.439557873367261 / p21 + p7 
1731,3.5519757827585625,p11 + c4.963577592758364 / p34 + p34 / p23 / c1.7543719245317935 / p14 / p15 / p20 
1732,1.7244183116304863,c0.6480930931427936 - c3.651275371438978 + c3.070360473350753 + p28 
1733,18.31025884197445,c1.9693075420573092 / c3.3934784730946825 * c3.1592165394268634 + p30 
1734,31.83644127286097,c3.8714808060510975 + p13 * p8 / p3 / c1.673193346373612 + p26 / c3.733816659272296 
1735,7.759810480322009,p6 / p28 / c3.775821497167246 * p7 / p4 - c1.4881730583101327 - c4.050673294806506 / p33 / c3.534175932566484 + c2.8314361385883364 / p6 + p31 
1736,8.172787472771068,p6 / p28 / c3.775821497167246 / p4 - c1.4881730583101327 - c4.050673294806506 / p33 / c3.534175932566484 + c2.8314361385883364 / p6 + p31 
1737,31.54483191696771,p6 / p15 - c1.1350393084444754 / p14 - p3 + c3.7482017333925306 + p30 - c1.4810355939175002 + p17 
1738,5.056229628841031,c2.764716746664446 / c2.6221471512125643 * p7 
1739,14.44704506668999,c3.2456390788583094 * c0.23677265060033703 - c2.2376528513976863 - p18 / p18 - c2.2319038252645185 - p28 / p27 / c2.943298618851424 + p6 + c3.1411079538366815 + c0.4313057311033208 
1740,1.844336527444649,c1.9928867524234732 - c2.02465467957383 + p23 
1741,5.582590162911345,c1.6177826130179258 * p9 * p25 * p2 / p24 / p8 - p2 + p26 / c0.8912879143534141 / c3.151770517765093 
1742,3.725428224907752,c1.9928867524234732 - c2.02465467957383 + p23 - p25 / p24 
1743,2.689076621009137,p5 - p1 + p1 
1744,2.689076621009137,p5 - p1 + p1 
1745,2.279533552693362,p31 + c0.7962830014536365 / p20 / c3.128252221230844 
1746,1.8413458750753413,p33 / p23 * p17 
1747,1.8349554593933053,c1.6022270688964042 / p19 + p23 
1748,3.016368242924861,p7 + p11 / p3 / p25 / c4.312595804664243 
1749,2.0531498345274937,p18 - c3.504286305187651 / p10 / p4 / c2.6604885408527035 
1750,15.261268697942764,c4.0974278759273 / p18 / p21 * p31 + p30 
1751,8.578308572602928,c4.0974278759273 / p18 / p31 + p30 / p32 * p33 
1752,2.0519413244434364,p20 - c0.1520082761471092 / p2 * c0.19603050714865455 / p2 
1753,1.7530617815238565,p11 - p15 + p27 
1754,1.3571222746466816,c2.2029716380415754 + p33 - c2.1349070755295525 
1755,3.358437375646728,p28 / p26 * p17 / p18 * p0 
1756,1.447949722852692,c1.9928867524234732 - c2.02465467957383 + p23 - p23 + p31 
1757,3.2604454822383784,c1.9928867524234732 - c2.02465467957383 + p23 - p31 / p7 + c1.2847804869499624 
1758,2.545303897128277,p11 + p24 / p34 - p11 / p3 
1759,8.577538046779521,p30 / p23 - p2 - c0.8204768220598618 / p11 + p27 + c3.4840085382766874 / c3.8934287764110698 * p21 
1760,10.758053661354277,p23 / p7 + p10 
1761,10.711661564520366,p3 - p18 / p20 
1762,2.6904193019222764,p3 - p18 + p18 
1763,4.1191623674581725,p1 / p29 + p8 
1764,2.6986617254830443,p6 - c1.5103222351229229 / p19 
1765,2.701812760206547,p6 - c1.5103222351229229 / p19 / c1.102694296820443 
1766,8.519518620094795,p30 + c4.787119721249341 - p1 + p3 - c3.8982507900822796 
1767,6.94248768876034,c0.16740134760552028 * c4.1691791824159266 + p22 
1768,2.758444146974558,p2 * p10 / p0 
1769,3.0066691824162044,c0.3458819545422098 * c1.3045639480046929 / p3 / p17 - c0.20347486009696603 - p15 * c4.6375530918463586 / p25 / p30 / p9 + p8 
1770,3.367402434659728,c1.3045639480046929 / p3 / p17 - c0.20347486009696603 - p15 * c4.6375530918463586 / p25 / p30 / p9 + p8 
1771,3.5341486706612595,p13 - p23 + p10 
1772,2.4775274572598227,p20 - c4.071299882370602 / c0.12684299340969762 / p6 / p1 / p4 
1773,2.477613737936063,p6 / p16 * p18 
1774,2.4775274572598227,p20 - c4.071299882370602 / c0.12684299340969762 / p6 / p1 / p4 
1775,2.640694448574989,c0.10332103933613002 * p2 / p31 - c1.2875109593620233 / p9 + p12 
1776,1.7942305091249826,c2.986464059615347 / c2.8327142547967914 / p23 / p29 + p25 - c2.183307028099726 / c1.5766281232998791 / p34 
1777,3.1125255061799346,p20 - c4.071299882370602 / c0.12684299340969762 / p1 / p4 
1778,13.572922134671948,c0.11956211914062542 * c4.4202889702190955 / c0.37111014168488665 + p27 
1779,1.9156834878625244,p26 + p10 / p7 / p4 
1780,2.7958596675348835,p8 - p3 + p8 
1781,3.9096921679281817,c1.3045639480046929 / c4.6375530918463586 / p25 / p9 + p8 + p8 - p22 
1782,3.546141739159306,p17 * p23 * p8 / p32 / p0 
1783,8.318513241955051,p20 - c0.9493647969992575 / p15 - p8 / p17 / c2.4230190903586486 
1784,2.3638834345350257,p13 - p26 / c1.828172700030114 / p14 / c3.10481399500739 - c1.2466541894574683 / p9 / p13 
1785,2.81336186280998,p17 / p0 * p23 
1786,1.9380078710884487,c0.9493647969992575 / p15 / p17 / c2.4230190903586486 + p28 
1787,4.113742595587582,c3.2987395374844986 / p2 / c3.8071229455918925 + p28 
1788,1.7602373151646329,p25 - c1.526114153834287 / p4 / p9 / p24 / p34 
1789,3.861956518602245,p13 - p26 / p9 / p13 * p30 
1790,4.306017070895271,p16 - c1.4913670611010477 / p23 / p23 
1791,8.54358464028043,p25 + c0.6381572854403395 + c1.2679012013015574 - p2 / p9 / p7 - c3.949605255374747 * c1.892396313779775 / p4 - p13 - p7 / p3 + p0 
1792,6.40165099741105,p23 - c1.4777570415404118 / p25 
1793,2.8914406928404546,p20 - p23 - p7 + p6 + p25 
1794,3.607270480230952,p16 / p7 * p26 
1795,5.258063702474789,p33 / c4.501575481358534 / p27 + p16 - p8 / p33 * p7 / p23 - c2.6867105170778647 + c3.823898799303835 
1796,17.494880572716216,c1.4706979144306864 * p12 - p5 / c1.586954962038909 
1797,3.528969419742433,p12 + c3.031305769828995 / p9 * c4.9051586699597 
1798,10.187302128965388,c1.9737338101156872 + p26 - p20 - c0.9262408380681786 / p25 * c4.293501507301488 - p17 / p2 + p26 
1799,31.673912763587783,c2.0640776589212595 + p26 - p8 / p9 / p24 + c1.0386145830979177 
1800,4.458458536505995,p15 + c0.16185632258155336 - p4 + p9 
1801,5.111803035952865,p30 / p10 / p20 / c2.819006497173213 * p21 + p0 
1802,27.25151075634461,p25 / p15 * p7 + p13 / p31 / p15 / c2.82581275816792 + c3.079456810429972 - c0.20079664647513262 - c0.5174698641204067 / p6 
1803,11.0077282618488,p21 / p11 + p31 
1804,2.8856378922380106,p26 - p18 + p6 
1805,2.585164020976969,p21 / p31 * p27 
1806,2.697063341607639,p23 / p28 * p20 
1807,1.9936975734772675,c3.862036517423629 / p4 + p23 
1808,1.9936975734772675,c3.862036517423629 / p4 + p23 
1809,1.9936975734772675,c3.862036517423629 / p4 + p23 
1810,10.69627285511304,p23 + c3.7697734304564445 / p18 / p15 / c2.738494599521007 + c2.04136979409078 / p31 
1811,1.9936975734772675,c3.862036517423629 / p4 + p23 
1812,1.9936975734772675,c3.862036517423629 / p4 + p23 
1813,1.9936975734772675,c3.862036517423629 / p4 + p23 
1814,1.9936975734772675,c3.862036517423629 / p4 + p23 
1815,2.47159306344706,p28 - p22 + p15 + c0.059091981840637686 
1816,6.034506376115262,p18 - p30 / p24 - c1.1442069773151597 * p28 / p34 / c2.5987058286072124 - c4.101900388825191 + c4.509902325736041 
1817,10.77036852108418,p0 / p11 + p0 
1818,4.834808241492674,p17 - c1.334168552045396 + c3.3938025249181725 / c1.9193435102630296 / p4 * p9 
1819,9.06681641101551,p3 - c1.56465950883736 / c3.718376838041161 - p26 / p17 / p12 
1820,5.092760460127609,c3.819785775175471 / p20 / c3.87367733776132 + p12 - p16 / p4 / p13 * c0.8470656721620051 * c1.9066827257180123 / p4 
1821,9.967191907788028,p8 + p13 - p5 / p30 - p13 + p34 / c2.0567130700522345 / p14 / p6 * c0.3768439618348318 
1822,2.143244137847616,p25 / p15 * p16 
1823,2.5313973565745425,c1.1013995078247136 / p34 + p8 
1824,2.060026456714032,p5 / c4.701068958140915 / p8 - p13 / p7 * c0.19407887511878275 + p22 + p31 / p2 / p32 / p13 / p9 / c0.41310854784921025 * c0.23222240051189724 / p17 
1825,11.289428396161227,c1.1013995078247136 / p34 + p8 + c2.6921559430554645 / p33 
1826,3.877437088488112,p8 + p19 - p24 
1827,2.9095336847692,c0.6284468135411286 / p6 + p33 
1828,2.083419748741421,p26 - c3.2459342021615525 - c3.1560688498196434 - c3.2338439372698584 + c2.0160536655232164 * c4.801669751602132 
1829,2.7041590275661656,p23 / c2.04136979409078 / c0.7854956093831877 / p4 + p25 
1830,2.051732370777915,p18 - c1.0267484841262768 / p7 * c1.5743030828811155 / p14 * c0.7440951894144432 
1831,2.936734241756252,p11 + p1 - p10 / p18 * p0 
1832,2.6723467316424587,p7 + p0 / c0.7712396950619549 / c4.990023184279001 / p14 
1833,3.2033581835687754,c0.7446822559345906 / p9 + p30 - c0.26924113707703423 
1834,1.5169670729156377,c3.518256281657677 * c1.098346658662035 * c1.9817020251764916 / p30 * c0.9117931851004607 / p14 + p32 
1835,2.5146086244473675,p10 / p16 * p20 
1836,2.2778400185905565,p22 - p7 * c2.267832412157663 / p4 / p23 
1837,7.0368580646660845,p23 * p0 / p32 + c2.059454449631277 * c4.233595219323215 / p4 * p19 * c3.7326323961858527 / p26 / c1.2686123645439096 / p24 * p0 
1838,1.4410588432180904,p5 / p5 * p28 
1839,10.974322241630356,p25 - p26 + p1 * p1 / p11 / c3.8503409929700445 / p13 / p10 / p3 / c0.3001485998713943 + p31 + c0.9233899073658286 
1840,4.292786583163199,p10 / p4 * p24 - p7 + p10 
1841,2.116315681984332,p32 / p12 * p2 
1842,1.4426315611386948,p30 + p23 / c4.825085670359387 / p25 / p4 / c3.8333694442673476 
1843,1.8021670761877016,c2.289922752745733 / p1 / p34 / p34 * p27 / c4.930872662726761 + p26 
1844,2.9002554100352977,p34 * p11 / p29 
1845,2.0459358276426904,c2.289922752745733 / p1 / p34 / p34 * p27 / c4.930872662726761 + p26 * p12 / p20 
1846,2.046746983752936,c2.289922752745733 / p1 / p34 / p34 * p27 + p26 * p12 / p20 
1847,2.0762799220822923,c4.972255537289708 / p6 / p12 / p24 + p18 
1848,2.892443917383573,p7 / c0.9851991757926154 - c3.914198027118185 / p34 / c0.6241171578764032 / p18 * p28 
1849,2.772169267544257,p7 / c0.9851991757926154 - c3.914198027118185 / p34 / c0.6241171578764032 / p18 * p28 / p23 
1850,2.892443917383573,p7 / c0.9851991757926154 - c3.914198027118185 / p34 / c0.6241171578764032 / p18 * p28 
1851,2.770764763965356,p7 / c0.9851991757926154 - c3.914198027118185 / p34 / c0.6241171578764032 / p18 
1852,2.859489226398687,p32 * p31 / p0 
1853,2.8466090225230056,p7 - c3.914198027118185 / p34 / p18 * p8 / p18 / c2.726922860588394 * c4.420713374108481 
1854,2.859489226398687,p32 * p31 / p0 
1855,5.923842383431572,p34 / p9 - c3.032649121639335 / p22 + p32 
1856,6.179316502054939,p23 + p32 / c1.1647941826472348 / p32 - c2.796471061077705 / p25 
1857,5.330467913786856,p13 / p0 + p27 + p25 / c3.5671271736314285 * c0.12274025997147664 / p26 + c2.4480502639872697 - c0.7685532307284787 * c3.564037055236583 - c0.2821365944192672 + c0.19100723619696336 / p21 
1858,2.122552395631673,c1.2460940382566172 / c1.987542290513527 / p33 / c3.571268946104582 * c0.3931483904489863 + p18 
1859,5.112853202561754,p13 / p0 + p27 + p25 / c3.5671271736314285 * c0.12274025997147664 / p26 + c2.4480502639872697 - c0.7685532307284787 * c3.564037055236583 - c0.2821365944192672 + c0.19100723619696336 / p21 / c4.3616217178809205 * c2.9119967288194486 
1860,11.066579290388724,p4 - p34 - p16 * p1 / p4 / p8 / p1 * c2.035763728988111 + p5 
1861,18.65589785464419,p13 / p0 + p27 + p25 / c3.5671271736314285 * c0.12274025997147664 / p26 - c0.7685532307284787 * c3.564037055236583 - c0.2821365944192672 / p21 / c4.3616217178809205 * c2.9119967288194486 
1862,2.9095875782563487,c3.08546567494012 * c0.012164202652220624 + p6 
1863,6.675875193927944,p30 + p16 * c0.7051279148740441 / p0 - p23 / p7 / p4 * c4.571956840748388 
1864,3.577585246417576,p18 - p31 + p22 
1865,1.9356370114971684,p30 + p16 * c0.7051279148740441 / p0 - p23 / p7 / p4 * c4.571956840748388 - c1.8369246261820988 + c1.288679912756379 
1866,8.723689761981223,p16 / c3.7608224202055074 * c3.4004006455119318 
1867,8.723689761981223,p16 / c3.7608224202055074 * c3.4004006455119318 
1868,1.5034949818770174,p32 + c0.06553479060251499 - p30 / c4.8638963258984385 / p10 / p19 / p21 / p19 
1869,4.799113211513136,p6 - p10 + p20 / p14 + p8 
1870,3.510046151775476,c0.7854956093831877 - c3.4088962317131015 + p7 + p22 + c2.948809422742205 - c0.39660648867284265 - p27 
1871,4.695778436517461,c0.7854956093831877 - c3.4088962317131015 + p7 + p22 + c2.948809422742205 - p27 
1872,12.510748501932008,p32 + c0.06553479060251499 - p30 / p10 / p19 / p19 - c2.3729301113242847 / c1.9487139155867732 
1873,4.750216268460098,p32 + c0.06553479060251499 - p30 / p10 / p19 / p19 - c2.3729301113242847 / c1.9487139155867732 * c0.34948228333119 
1874,8.711471593038931,p32 + c0.06553479060251499 - p30 / p10 / p19 / p19 - c2.3729301113242847 / c1.9487139155867732 * c0.34948228333119 / c0.5118207062176383 
1875,16.168299547295288,p32 + c0.06553479060251499 - p30 / p10 / p19 / p19 - c2.3729301113242847 / c1.9487139155867732 * c0.34948228333119 / c0.5118207062176383 * c1.910314029551693 
1876,3.119992006403794,p32 * p3 / p31 
1877,2.3754905662199777,p23 * p13 / p3 
1878,4.872712207281669,c4.096690027316416 - p26 / p18 + p26 - c3.5704059687679996 
1879,15.387022940970237,p11 + c2.185312182604113 / c1.8524219486573323 / p0 + p17 / p15 
1880,5.652305697636232,c4.096690027316416 - p26 / p26 - c3.5704059687679996 + p13 
1881,24.2451945245873,p25 / p11 + p21 / p9 + p16 + c1.0377298354916302 
1882,14.973275778251477,p11 + c4.835004224309608 / c0.884433799377714 / c3.976117467492173 
1883,1.4677448021978992,p32 + c0.06553479060251499 / p19 * c0.34948228333119 / c0.5118207062176383 * c1.910314029551693 * c2.437192910722591 
1884,1.471724802115359,p32 + c0.06553479060251499 / p19 * c0.34948228333119 / c0.5118207062176383 * c1.910314029551693 
1885,13.434267093302966,p11 + c4.835004224309608 / c3.976117467492173 
1886,2.675409346009622,c0.46625037519762325 / p3 / p29 + p11 / p21 * p18 
1887,1.9217080163222389,p32 + c0.06553479060251499 * c0.34948228333119 / c0.5118207062176383 * c1.910314029551693 - p12 + p17 
1888,6.974069364281586,p18 - p5 * p30 / p1 / p2 / c1.578981562168984 
1889,2.540682995301485,p15 * p7 / p10 
1890,2.280054232306065,p15 + p8 - p10 
1891,6.119988436780266,p8 + c4.3693464112406994 - c3.8630948136968613 
1892,3.5292704053736434,p8 + c4.3693464112406994 - c3.8630948136968613 - c0.30933198440710186 
1893,7.722641589033988,p18 - c1.8223259765995692 / p13 / p20 * p32 
1894,2.329507699930589,p28 * p18 / p6 
1895,10.549436366748925,p2 - c3.7458417714089096 / c4.15188557827446 
1896,2.310779741727464,p18 / p6 * p8 
1897,10.549436366748925,p2 - c3.7458417714089096 / c4.15188557827446 
1898,2.754113955623436,p15 - p5 * p29 / c0.8991154700874954 / c0.4328068589447637 / p4 / p27 * c2.81994043454618 / p34 
1899,10.549436366748925,p2 - c3.7458417714089096 / c4.15188557827446 
1900,4.54527015990821,p11 / p12 - c2.0111945721186424 / p10 + p17 
1901,19.953717679738524,p8 + c1.8587042857880394 + p11 - p33 - p27 / c4.268279070053943 / p19 
1902,10.2339030895743,p12 / p3 / p27 + p5 - p23 / p19 + c4.711733834417639 - c4.127896818879035 
1903,3.53871348115076,p8 + p11 / p17 / c1.3755535728581758 / c3.7654333841863323 
1904,2.605649678354011,p20 - c0.8762786004058748 / p17 * p31 + p20 / p3 
1905,2.604290451055097,p26 / p5 * p22 
1906,2.604290451055097,p26 / p5 * p22 
1907,4.869241308732788,p33 / p27 / p32 + p23 
1908,3.711030256685288,c0.33674497900670564 / c4.056606001415695 - p33 + p0 + p27 
1909,3.60121233265151,c0.33674497900670564 / p33 + p0 
1910,3.60121233265151,c0.33674497900670564 / p33 + p0 
1911,35.948431234063364,p22 / c3.6297545298098797 * p26 / p22 / c1.2767781400146838 + p28 + c1.4270714299073362 
1912,10.94993530577148,c2.6817172028328895 / p5 + p26 
1913,3.245394688827087,p5 * p17 / p22 + p12 / p32 / p19 
1914,6.19708157954294,p21 + p15 - p21 + c3.83446093358504 / c1.9314205957199693 * p23 / p32 / c3.7961917608125653 
1915,4.34287851379314,p7 - c2.2285481243367227 / p1 / c3.8234423960958797 
1916,1.0438963455713446,p33 + p2 / p9 / p34 
1917,13.544381100743552,p23 + p27 * c1.8529440899488399 / c0.6202715367142803 / p19 - p7 / c4.542326177632601 
1918,2.271785451843512,c2.369928735511299 / p29 + p17 
1919,1.88900996640834,c0.3136777046525896 * c2.480236530133537 / p4 + p26 
1920,5.227113478493899,p0 - c2.8433970461726417 * c0.44426306745459665 * c1.2800937106921135 - p5 - c0.15894859281412377 + c1.3445559986596294 / c0.3785752254219732 - c2.168427929160466 + p8 
1921,2.8896868315451507,p30 * p25 / p2 
1922,1.9372591686893683,p23 + p27 / p7 / c4.542326177632601 / p9 * p15 
1923,10.786899045658933,p20 - p28 - c0.602155535031324 - c1.58279046818858 / p0 + p30 / p7 * c1.8927933294986183 * p11 + c3.6286473257724254 - p11 - c1.178693195971674 
1924,13.44146388680268,c1.3841483591707577 + p8 - p11 + p20 
1925,12.317431049106126,c3.0214679233335637 / p10 * c0.2982560484242164 * c3.368712037390619 + p8 
1926,10.552711030982856,p20 - c2.6244196852221204 / p23 
1927,31.331994053227785,p20 - p28 - c0.602155535031324 - c1.58279046818858 / p0 + p30 / p7 * c1.8927933294986183 * p11 + c3.6286473257724254 - p11 - c1.178693195971674 - p16 + c1.2730404539169253 * p5 
1928,31.331994053227785,p20 - p28 - c0.602155535031324 - c1.58279046818858 / p0 + p30 / p7 * c1.8927933294986183 * p11 + c3.6286473257724254 - p11 - c1.178693195971674 - p16 + c1.2730404539169253 * p5 
1929,30.842255626821697,c1.8574114660146934 - c1.8622416196222191 + c3.1957119230393154 * p15 / p30 + p22 
1930,35.92354496570703,c2.171764906776307 * p12 - c4.35002011554578 - p12 
1931,2.118653267596009,c3.205487567310124 + p26 - c2.7888644746568803 - c0.5483487674233056 
1932,35.92354496570703,c2.171764906776307 * p12 - c4.35002011554578 - p12 
1933,10.4389700326965,c3.205487567310124 - c2.7888644746568803 + c4.912130017244622 + p26 * p30 / p0 - c2.658075613779295 * c2.3897672769603573 
1934,1.507895194085432,p33 + p5 - p0 
1935,12.481303934052232,p10 / p9 / p12 + c0.8185796118806005 - c3.6259963181611665 / p23 / p17 * p12 / p5 + p32 * c0.8672993803628021 
1936,14.871482634586563,p21 + p5 * c1.3792030133045075 / p3 
1937,2.2759441242907226,p13 + p22 - p22 
1938,3.474159441937462,p3 / c3.515716661270555 * p12 / p23 / p17 + p28 
1939,8.399617639726092,c0.9478050037089425 * p11 + c0.9100580577594153 
1940,2.747209612878282,p5 - c3.633407769235211 / c1.4753508569650975 / p14 
1941,2.982475481613196,p27 * p28 / p0 
1942,4.6537093431988,p11 + p17 / p24 
1943,2.800736980817627,p5 - c3.633407769235211 / p14 + p22 - p22 
1944,4.634222612368724,p7 - c4.573983646867648 / p4 * c4.493332675582199 + p20 / p31 / c3.9241662040667884 / p12 
1945,19.345391296288607,c0.36607907662929706 * c4.964801122366601 + p6 
1946,11.286376079691577,p7 - p3 / p11 
1947,37.27639259459673,c0.06815800063775079 + p0 / c1.6121648411929983 
1948,31.290332986494068,c1.2545606932274767 + p16 + c1.5912915226496827 - c1.4259299904348166 - p18 / c3.295516148664194 * p7 / p18 - c1.6540034413572946 
1949,60.58751147075729,p11 / c3.7999901357982897 / c3.814804597869616 * c3.6705267423614845 + c3.5332379358125428 + p33 
1950,4.739574830284439,p22 + p2 / p33 - p8 / c0.7514204624515303 / p11 
1951,8.741201175042436,p6 - c3.928459583181475 / p26 / p5 
1952,11.465908270431497,c2.171764906776307 / p31 + p30 + c0.3384496339600451 
1953,4.188962111950838,p12 - p30 + p8 
1954,2.274342818967706,p17 + c2.7373077730275694 / p24 / p10 * p15 
1955,2.1382415098507828,p13 * p21 / p3 * p32 / p18 
1956,8.076774624991558,p8 - c1.825938668643066 / p11 
1957,27.7965824090104,p12 * c1.2914610039352903 - c2.1715954911429067 + p10 / c2.8958067127594807 / c3.704032995643475 / p27 / p6 * p2 
1958,2.999409756876356,p26 * p34 / p19 
1959,1.642931395023834,c0.2991633184752207 / c2.8168137345914266 + p33 
1960,2.999409756876356,p26 * p34 / p19 
1961,2.999409756876356,p26 * p34 / p19 
1962,4.66883611829852,p16 - c1.984916376408068 / p19 * c3.5271328022867277 + p24 / p24 / p28 
1963,7.264419770463724,p16 - c1.984916376408068 / p19 * c3.5271328022867277 + p24 / p24 / p28 + c0.323339959931806 
1964,5.085904239475938,p15 - p29 * c0.40981720130320587 / p34 
1965,7.26592566058968,p16 - c1.984916376408068 / p19 * c3.5271328022867277 + p24 / p24 / p28 + c0.323339959931806 - p8 + p10 
1966,28.689915572822617,p17 * c2.2261200606714544 * p26 / p25 * c0.7439854246906535 / p17 - p8 + p12 + p20 / c0.8840683219688578 
1967,9.81230584949075,p0 - c2.8663386715985455 / c2.7756497174451527 - c1.0711536701830182 / p4 / p20 * c3.0893699215209187 + c1.1686720802756112 - p5 / p22 
1968,3.373254924649363,p0 - c2.8663386715985455 / c2.7756497174451527 / p4 / p20 * c3.0893699215209187 + c1.1686720802756112 - p5 / p22 
1969,29.407185028806325,p8 - p11 + p25 / c0.7507125576586393 - p26 / p21 / p21 
1970,2.7688226298938545,p28 - p5 / p29 + p13 - p17 + c2.4532703557047815 / p9 
1971,23.60623366865244,c4.58957068234111 * p3 / c3.714524619339156 
1972,12.361031277202883,c2.190774707823216 * c1.8742441043167197 - p28 / p7 - c4.266683123544063 + p3 
1973,18.617120217713577,c2.5587166659069687 / p33 - c2.0209361112158373 / p4 - p16 / c1.400864478243435 - p7 / p6 + c0.0946457217757557 + p0 - p18 + p12 - p0 / p8 + p7 
1974,43.61005264579882,p12 / c1.3023462758709614 - c1.869932072159849 * c0.4236997049995278 - c3.0578279031213644 + c1.8712265909493593 
1975,2.2954411460909103,p16 - c0.10409129720493127 / c1.3849004992483038 / c4.064332108188703 * p2 / p13 
1976,44.27812638294203,p30 + c2.0450460680312474 + c2.3898518611985815 / p32 * p15 
1977,3.1913734134525744,p13 + c0.6489115249695543 * c0.4965446482120117 - c0.14652674500619134 
1978,2.3925904623475525,p27 / p7 * p20 
1979,12.236727104957144,p13 + c0.4965446482120117 - c0.14652674500619134 * p0 
1980,3.2409906252462086,p16 * p1 / p15 
1981,3.2409906252462086,p16 * p1 / p15 
1982,3.2409906252462086,p16 * p1 / p15 
1983,9.902932204866705,p33 / p7 / p4 * p17 / p19 + p16 - p30 / p2 
1984,62.57307166655273,p17 / c2.1842490516229414 / p6 * c3.5250329729577192 / c0.45759300518494694 + c3.1600329654130865 / c2.293858679001404 - p32 + c3.069883587569249 * c0.5029206866501906 + p2 + p7 
1985,47.05198799716554,p10 * c1.3834697142495904 - c4.749598622307077 
1986,81.14146101112817,p18 / p3 + c4.172931687231397 - c1.7251933917628266 + p26 - p20 * p12 / p33 
1987,17.85492287896011,p5 - p32 * p26 / p27 + c2.624141597334469 / p2 / c2.0896386959079516 * p7 / p13 / p26 * p25 - c1.8663761111543442 + p30 + c3.2069550915001965 
1988,10.553828265581364,p21 / p22 + p25 
1989,10.077165054335586,p1 - p27 / p15 
1990,10.877065250548169,c2.725648155508722 - c1.7471003788405066 + p26 
1991,6.927580640610211,p18 + c3.296941889664207 - p32 + p33 + c1.6768263172765763 + c3.028620478344975 / p20 - p33 / p10 - c4.788161058409895 
1992,17.643551871906865,c4.749598622307077 / c3.815491860312443 * c1.3954747786268866 / p31 * p16 * p24 / p29 + p15 
1993,25.07899169983432,p6 * c1.7328945166034182 * c0.4278174951663488 
1994,83.38892960488008,c3.745233463085898 / p7 * p2 
1995,7.263033297044422,c1.6924320365882424 - c1.6154769661058077 - p34 + p0 + p19 
1996,3.756142229791014,p7 + c2.289911363520191 / p15 * c0.22180847277222748 
1997,8.71000755762928,p27 + c1.1700769819138968 - c1.153500688087545 / c4.421244938056636 
1998,5.386079584117328,p6 + p1 - c0.9725295728490463 * p10 
1999,19.41201188304863,p32 + p16 - p20 + c1.9484848249973763 
2000,2.224599626908117,p22 + c0.6498499992084239 / p7 / p5 * c0.3997264452206345 
2001,25.04891120866769,c2.725648155508722 - p26 + p2 + p32 
2002,35.827191068386924,p2 + c3.612675270930227 / p32 / c1.8505815213349541 * p28 + c1.7053391966709368 
2003,37.8939713278823,p33 - c2.8251107628093513 - p16 / p6 
2004,58.12906963469512,p30 + c2.534594896591196 * p25 + c2.75360240351303 - c3.2607092687301926 * p12 + p5 
2005,37.252006573824254,p33 - c0.30874431630108 / p6 / p6 + p26 / p34 / p14 - c2.2768787349521524 / p6 + c3.407364144522944 + c1.7661021672014305 - c2.832048305206164 / c4.9467925762958265 
2006,44.076452260486384,c4.32164012808686 * c1.3016828844679855 - c4.838543464747846 * c2.7044427771313657 / p0 * c1.6010155974348228 + p15 
2007,25.44234371521217,p20 + c3.5581122023350797 / p32 + p31 - p18 - p20 + p7 - p6 * p17 / p21 / p7 - p17 / c4.3989337205341075 
2008,2.844773783175854,p6 + p1 / p24 * c4.278875652058019 * p27 / p3 / p0 / p15 
2009,2.7899847096733987,p6 + p1 / p24 * c4.278875652058019 * p27 / p3 / p0 / p15 / p8 
2010,2.8418284247897745,p6 + p1 / p24 * c4.278875652058019 * p27 / p3 / p0 / p15 / p8 * p31 
2011,2.5083653773010406,p31 * p7 * p31 / p25 / p26 
2012,1.3855241250373471,p31 * p25 / p26 
2013,7.029620010294249,p3 - c2.856128814595369 / p26 / p6 
2014,1.0173572544553613,p33 - p28 * p26 / p9 / c2.8692055465965627 / p24 * c1.5358285239542973 / p32 / c4.953838062151965 
2015,4.0411305175487024,p8 - c0.6124838612974487 / p11 
2016,4.034217934231464,p8 - c0.6124838612974487 / p31 
2017,2.495192966515972,p8 - c0.6124838612974487 / p31 * c3.487799980409851 / c4.675973090225459 / p34 
2018,3.9500146935758496,p3 / p26 / p6 - c0.14116506013595487 / c0.40099700504706626 / p3 + p12 
2019,2.562582484478418,p12 - p2 / p27 * p7 / p3 * p1 + p6 
2020,8.010796501871233,p7 * c0.12238508819595817 / c1.5565284162058353 + p10 
2021,2.074964467295224,p1 / p12 / p4 + p18 
2022,12.2107393030141,p7 * c0.12238508819595817 + p10 
2023,2.0217360374486546,p7 - p8 * p3 / p5 + p21 
2024,4.129811716348657,p12 / p27 * p7 
2025,2.3734322754931405,p7 - p8 * p3 / p5 + p21 + p23 - p17 
2026,13.302597246408313,p2 / p20 * c3.2783348605485605 - c0.23158181471128192 - c1.8091935444740803 + p11 
2027,2.378552348312592,p8 * p3 / p5 + p23 - p17 
2028,11.32769952356328,p12 - c0.8765658073365229 / p23 / c0.8654162382940039 * p22 
2029,15.244863635922556,p7 * c0.12238508819595817 + p16 / p9 + p13 
2030,2.8847116597070377,p12 - c0.9733887947546149 - c2.9667630448895768 + c3.867391690106646 
2031,38.26633036730993,p0 / p3 / p0 + c3.4972301766440927 + p25 
2032,13.635566871529097,c1.0587186012004084 + p33 / p9 + p25 
2033,3.613163659590045,p33 / p9 + p25 
2034,10.543999537127462,p2 / p5 + p10 
2035,4.281350249006433,p22 / p4 / p15 * p20 + p26 
2036,15.93599865661468,p0 + p25 / p22 + c2.5523462817035547 / c4.851236426302831 
2037,5.970007965292214,c2.1572297432186756 / p15 / p5 + p5 
2038,2.2227905641763632,p22 + c1.6359774993112575 / p24 + c4.9513646760412175 / p19 
2039,2.062105990437882,p22 + c1.6359774993112575 / p24 / p19 
2040,23.135132798394288,p2 - p12 / c4.478497974748657 
2041,3.476666820551021,c0.16303359025505448 + p1 - c0.9644625844525767 / c1.9624594698151983 / p6 / p21 * c4.97346735424717 / c2.7117984713395016 + c0.1964358182065712 / p0 / c4.29070719452067 / c1.1493478352433995 * c2.168956289676226 
2042,11.309890208426491,c0.16303359025505448 + p1 - p6 / c4.97346735424717 / c4.29070719452067 / c1.1493478352433995 * c2.168956289676226 * c1.3403872022534395 / p9 + c0.941599076806201 - p26 + p22 
2043,3.658495127098639,p21 * p29 / p9 
2044,2.880163333326739,p21 - p20 + p11 
2045,2.054778841997849,p21 + p17 - p15 
2046,31.19679671024555,c3.279234941995926 - c3.9154903574241873 / p24 * p33 + p11 
2047,1.9275844224395031,p23 + c3.047103612028036 / p29 * p13 / p0 - p33 + p33 
2048,4.7028427423278725,p12 / p23 / p7 / c0.4314099019395379 - p28 / p26 + p33 
2049,1.4337200033273594,p32 + c1.308709799797421 / p24 
2050,1.4234665803768418,p32 + c1.308709799797421 / p24 * c1.3713376517602698 
2051,1.965100658998421,p13 / p9 / c2.0195165396703145 + p27 
2052,13.655911027529408,p12 + p8 * c1.5497241157635844 / p16 - p18 / p27 - c1.7614332690236316 
2053,18.786023457543383,c2.500844571427791 + p23 + p5 / p28 - c1.6281500966870248 
2054,5.46310203675241,p33 / c3.9534871023894587 + p9 * p12 * c0.8050368487754228 / p14 
2055,4.165150441025093,p10 / p1 * p0 - p34 / p8 / p34 / p30 
2056,5.489974666840524,p3 + p9 / p4 / p1 
2057,18.16114869510839,p3 + c3.0418744367604917 * c2.8053096144786682 / p29 * p21 / c1.4604530539476923 
2058,3.868567343538153,p17 - p32 + p17 
2059,2.7218330709149714,p21 + p18 - p17 
2060,1.8435059649133567,p21 - p17 + p32 
2061,23.58694614778956,p4 * c2.4621730920697624 / p13 / p4 / c4.551356893818809 + p28 / c4.814212647239639 + p13 * c4.935627165398798 / c3.0461295443623677 + c2.1551424520225124 - p21 
2062,2.063519601012338,p17 - p32 + p33 
2063,2.4938224836337586,p32 / c3.9141128054513845 * c4.036636981837182 
2064,4.9179423998129925,p22 - p31 + p16 / c1.5867330938629993 * c0.5169915050106938 / p0 + p11 / p25 * p21 / p23 - c1.0626637597752875 - p2 + p2 + p6 
2065,35.29241734748328,p32 / p29 - c3.1085893598518846 / c4.368746201173141 / c1.0519643258629467 + p27 + c2.890045674821348 / c4.842405836351772 / p24 * c4.072397444257748 * c0.8262817093552638 * p31 - c3.1794426172972354 
2066,30.42966853893132,p33 / p21 + p31 + c1.520661573668074 - p21 / c3.35264634561855 
2067,12.696285073641556,p3 - c1.5065018155071386 * c2.360353072326555 / c2.937006618905986 
2068,8.123127164795653,p21 + p31 * c0.17315212312392747 / p6 - p3 * c3.6044437142845283 / p6 + p2 + c2.667076916305934 - p18 
2069,14.571517146187212,p16 / p25 - c4.067040260399367 * p31 / p17 + c3.854394659954059 - c1.6930040672334157 / c0.826520892298262 + p27 - p26 / p14 / p12 / p33 
2070,2.4032979444166034,p32 + p33 - p2 - p23 + p13 
2071,3.288569626449337,c1.523168671811218 + p18 - c0.2984843921190905 / c2.691177749826714 - c0.906586205301872 - c0.7228286880653084 
2072,2.088074462592749,p32 - p23 + p13 
2073,2.088074462592749,p32 - p23 + p13 
2074,19.828650253200266,c1.70367570674809 * c3.002780987311877 / c1.1095494619862356 - c3.494366482649323 * c2.4078845159297506 / p2 + p23 
2075,9.50351720104399,p32 + p13 / p2 
2076,9.50351720104399,p32 + p13 / p2 
2077,4.374417036830583,c1.70367570674809 / c2.4078845159297506 / p16 + p8 
2078,8.617085544160838,p6 + c4.908160796386627 / c2.703808081692271 / p25 
2079,9.384450095290832,p32 + p13 / p13 
2080,28.740870741472275,c3.986139769594166 + p27 - p26 / p21 
2081,45.28815807510865,c2.788779301362474 / p0 + c3.563499292341378 + p20 * p20 / c4.554118737332909 / p32 / p13 / p13 + p2 
2082,39.65879318241981,c3.986139769594166 + p26 / p21 * p3 
2083,27.49772530425355,p17 / p31 + c4.912321183042455 / p12 + p30 
2084,31.39776861489214,p30 - c3.1650845465234605 / p30 * p33 
2085,1.493937603768548,p30 - c1.9015098021057137 / p19 / p31 * c1.386981809008014 
2086,9.39770663362978,p13 + p20 / p31 - c1.8354435850398825 * c2.0276046109417463 / p24 * c1.735277004032676 
2087,1.4084083133655356,p31 - c1.8354435850398825 * c2.0276046109417463 / p24 * c1.735277004032676 / c3.0598344315095476 
2088,4.446110967381464,p11 * c0.3879025891486787 / p30 + p28 
2089,4.606228396466226,p11 * c0.3879025891486787 / p30 + p28 + p5 / p24 / p15 
2090,8.200464559376822,p11 - p25 + p15 - p29 / p24 * p26 + p16 + c0.28485934902687693 + p13 - p33 
2091,44.79188971925176,p26 - c4.64901502067617 - p9 + p1 + p14 - p23 
2092,3.250478855057126,p10 - p1 + p12 
2093,2.542177900253136,p22 * p31 / p1 
2094,2.5239398843240206,p26 + p8 - p25 
2095,7.749813550435107,p5 + c2.3814305516923495 / p10 * p7 * p30 / p34 
2096,2.5222803348206004,p26 + p25 - p22 
2097,8.073448617539972,c1.7161814249521372 - c3.4298458409261934 / p31 + p26 - p14 / p29 / p24 / p23 * p33 / c0.3613451263393086 
2098,2.963433621243545,c3.2890643312895107 - c3.4528789121215886 + p11 
2099,12.602043098572445,p1 - c3.5731024228976804 + c2.308393594726077 
2100,12.602043098572445,p1 - c3.5731024228976804 + c2.308393594726077 
2101,5.009559068561723,c1.8363584395333148 / p19 / c2.990252867393089 / p15 - c0.7523123429625833 / p21 / c0.8176823334375916 + p8 
2102,12.602043098572445,p1 - c3.5731024228976804 + c2.308393594726077 
2103,12.602043098572445,p1 - c3.5731024228976804 + c2.308393594726077 
2104,2.928869380203205,p11 * p20 / p17 - p17 / p26 / p19 * c2.4843983263394174 / p11 
2105,83.88603150512243,p16 + c4.201310631969251 - p22 
2106,2.1175555223496496,p13 / p18 * p26 
2107,2.506042319593252,p12 + p12 / p30 / p14 
2108,3.159779440927826,p13 + p33 / p24 / p27 * p15 / p11 * c0.37553687162361127 * p29 / p30 
2109,6.206694616010905,p32 / c1.8315824740019253 / p1 + p13 
2110,21.083268708938867,p5 * p29 / p28 / p9 * p11 - p18 - p3 + p21 * c0.20773732430604874 + p3 + p26 - c2.796468581217761 / c2.2774808799323227 
2111,26.317171056360884,c0.9478369531949987 + c3.7723154805974723 + p33 + p18 / p3 / p19 - c0.4984437609858694 / p13 * p32 - c1.6180574234053402 + p23 - p0 
2112,13.869194217688094,p12 + p16 - c3.029696003889129 / p6 - p28 - p16 + p6 - c0.045037457895624744 * c0.2923890205126889 * p8 * p27 * p31 / p31 / p3 
2113,16.12090156684821,p8 - c1.9396272720620051 + p0 / p0 / p31 
2114,18.14929992382305,p8 - c1.9396272720620051 + p31 / p34 
2115,20.46581460647286,p8 - p31 / c4.934825650527315 
2116,1.746492619360387,p30 - p22 / c3.2512671434597378 / p29 
2117,3.2625659241090053,p33 - p18 / p14 / p13 * p6 
2118,16.40038718815394,p8 - p31 / c4.934825650527315 / c3.179433300936243 - p19 / p34 
2119,22.951127352422144,p18 - p10 / p13 - p27 - p0 + p13 + p8 + c3.162868388435929 
2120,20.110282241145185,c3.3124122556648077 / c3.8856903063958943 + p23 / p5 - c4.888680952851335 / p15 + c1.1273555308393286 * p25 
2121,35.91138570067694,p16 - p33 / c2.7050729661003987 
2122,11.306444927050924,p22 + c1.6896024850187163 + p27 + c3.0741059767177066 / p24 + c0.7870732866435887 / p21 - c0.7121555917073774 / c0.8996556907214687 - p10 / p9 / p26 - p18 
2123,6.072836798243292,c1.2990291466222819 / p1 + p26 
2124,5.884200704628979,p27 - p0 * c4.136581648694173 + p6 * c4.132365800601975 
2125,6.070856114574705,p21 - p30 / p10 - p12 / p21 - p2 / p18 + c2.3664354461042336 
2126,11.424833158939215,p28 + p25 - c1.114316838436158 * p17 / p25 * p26 
2127,33.03238999101629,c1.8315824740019253 - p32 / p24 - c2.8604406982730053 / p9 * c1.278968617456594 * p25 - p11 + p0 + p28 + c1.5758727415234848 
2128,38.85906602351557,c4.613938704288806 + p30 * c2.258482986416727 / c4.23178345974353 + p0 + p1 - p25 * c1.7457080029913241 
2129,10.444546532475044,p6 / p21 + p18 
2130,2.110660273280719,p8 + p25 - p3 
2131,19.72701912056525,c4.110957949105224 - p13 / p3 / p31 / p21 * p28 * c2.8253402541860506 / c2.2608042043702543 / c0.09927392252376877 + c2.342651833542679 / p25 + p5 
2132,5.91615373121745,p9 * p0 / p14 + c0.410545252290066 
2133,2.086272147592464,p28 - p1 + p11 
2134,2.287144999267874,p32 * p7 / p5 
2135,8.146232149033247,p3 - c0.06604695265662153 - c0.674342620206928 + p6 - p17 
2136,19.70702795828017,p7 / p5 + p8 + c0.9573104926474313 / p13 * p10 
2137,6.261847713133709,p28 - p1 / p7 + c1.6664032518663157 + p1 / p17 / p13 - c1.050645763920084 / c2.360236817929966 
2138,54.127205905182095,p25 - p8 / c4.962364006124972 - c1.4670172675731457 - c2.86718448089345 * c1.2146899284459272 + c1.5180495048489528 
2139,3.4784881299319497,p3 - c0.06604695265662153 - p6 + p0 
2140,10.18008186047205,c3.1030172922756583 / p26 * c2.9033754518007067 / p29 + p31 / p32 * p18 - p2 / p7 * p15 * p0 / p11 / p4 / p27 - c1.1168970746037203 
2141,15.01494871522073,c2.2179752498641414 - p5 / p30 * c1.6825185169781454 + p20 / c1.205445523188366 - p21 / p12 / c4.175985851322684 / p30 * p8 + p22 / c3.1702645460435583 - p1 + p7 
2142,37.70371936386346,p31 + p24 + p26 - c3.625360772148353 + c2.121487928857576 - p16 - p33 + c4.224614747428312 * c0.3332353331961524 * p7 - p4 
2143,3.830798306656309,p25 - c1.2146899284459272 + c3.470911953419366 + p0 / p5 * p3 - c2.022930203676547 - p15 
2144,2.9768963325463087,p3 - c0.06604695265662153 - p0 + p1 
2145,26.32515441914314,p21 - p12 - p2 / p18 + p32 / p0 * p17 + c4.515726164406157 - c3.649731207581266 * c0.24851114396393037 * p11 / p10 * p18 / p0 
2146,19.942627712088537,p3 - c0.06604695265662153 + p1 / c4.91978163481145 
2147,95.84809118503252,c2.0640782974832863 / p17 - p15 / p1 / c3.0437327381572867 
2148,2.2775086706711853,c2.0640782974832863 / c3.0437327381572867 / p14 / p11 * p16 * c3.4066700580637215 / p24 + p13 
2149,99.2010678475396,p2 / p16 / p7 / c2.217686003538957 / p27 
2150,1.5598936270622918,p32 - p12 / p19 / p4 
2151,46.03880475879519,c1.6896336185524397 / c3.131873923535464 * p13 
2152,2.475296329888731,p32 / p4 / c3.312289375428594 + p12 
2153,80.32514381719493,p25 / p7 + p17 - c4.149757438739991 + p7 
2154,68.4328969863385,c1.813879352147203 / p32 + p20 / c3.913332717799501 
2155,2.399242279567659,p32 / p4 / p1 + p16 
2156,14.9655235174179,p1 + c3.651808927068121 / p21 
2157,4.269638671206153,p18 / p31 / p7 + p32 
2158,15.433165596400308,p18 / p31 / p7 + p32 - c0.9161134804145515 - c0.8900893184912528 
2159,22.992953318930105,p33 - c0.42426266597906936 - c1.9393173342346948 + p12 - p12 - p11 + p2 + p16 / p34 
2160,1.8611770270426549,p31 / p7 + p32 - c0.8900893184912528 
2161,20.10915391389897,p31 / p7 + p32 - c0.8900893184912528 * p8 + p15 
2162,3.4528929349714907,p18 - p8 / p27 / p15 / p20 
2163,3.487183210417754,p30 + p0 / p28 / p29 * p21 
2164,2.240894265024739,p33 - c0.42426266597906936 / p15 
2165,2.092938419581184,p27 + p11 - p6 
2166,10.16322326832832,p33 - p15 / p27 
2167,39.64380606828368,p10 - c4.062384695032164 / c3.313664255688 / p8 + c4.423147568789895 - p32 + p32 
2168,3.2390685135457056,p5 * p8 / p13 
2169,1.837183600910829,p23 - c1.8805617166941224 / p24 
2170,3.2390685135457056,p5 * p8 / p13 
2171,3.2390685135457056,p5 * p8 / p13 
2172,3.966945398235718,p1 + p31 - p1 - c0.4083067999756751 
2173,8.047769543783769,p3 + p2 / p32 - p8 * c0.29783809629199187 / p30 
2174,12.709615492683662,c2.984268597286341 / p25 + p15 + p31 * c2.0228656394897735 * p5 / p1 * p22 / p3 / p3 / p24 * c2.672926674634125 
2175,4.954241661524702,p1 + p1 / p4 
2176,5.820417393541188,p2 - c1.5303458226184896 / p27 + c0.5696518247341248 / p22 
2177,31.52264780818917,p2 - c0.25236038239990377 / p22 + p12 - p31 + p20 / c2.6808279211425656 - c3.912340635601983 / c2.2851777040817427 
2178,21.36622762444473,p28 / p0 + p27 - c3.1705095658128526 * c2.003920809744988 * p20 / p24 - p8 + p23 
2179,5.247369682570432,p32 + p0 / p8 / c1.8100863458115128 
2180,18.348660595314293,c1.294736030851017 + p13 + c1.4203581900914823 / p8 
2181,3.257904397667025,c4.551825424772211 - c4.7165676788294295 + p22 
2182,3.131753276857858,p26 - p32 + p20 
2183,2.609694599125004,p25 - p30 / p31 / p21 / p26 / c1.5038517060547223 
2184,4.752241045627639,p15 - p4 * p22 / p29 + p21 
2185,10.019256369173949,c3.4548760068630613 / c3.7516781648747566 + p5 
2186,2.888681270184708,c3.6705039943969133 + p13 - c3.888322471310594 + p31 - p22 
2187,8.469793437031601,c3.3150960706004935 / c4.555517749295833 + p19 / p24 * p8 
2188,9.991671973828032,p12 + c1.1508618906863126 - c0.14766822401150403 
2189,9.991671973828032,p12 + c1.1508618906863126 - c0.14766822401150403 
2190,3.089882093810748,p7 + p12 - p5 
2191,23.7084131644386,c3.888322471310594 - c2.590238012058545 / c1.6910245881335528 + p5 - p17 / p31 / p14 / p26 
2192,62.90050296029739,p30 / c4.275701094960846 + c2.6160895457518683 - c0.26652689339257574 * p12 - c2.5899928331412907 + c4.293714082449737 / p32 / p14 - c1.4026430830685277 + p5 + c1.7924113397063595 * c4.452181672433574 
2193,10.446176634031596,p25 / p26 / p21 * p18 + p8 
2194,3.6510278325263767,p7 + p12 / p9 
2195,37.57953077182552,p10 + c4.930773341486318 - c0.6005348356742424 / c4.155913351114188 - p8 / p7 
2196,7.432618276825805,p1 + c3.8468370987031024 / p27 / c4.661166425557446 - c0.4693373665532624 - c1.314544852532837 - p6 + p32 / p1 + p6 / p20 + p1 
2197,12.676135939708136,p7 + p5 / p8 + c0.47844079236061265 - c0.19741943413993046 
2198,25.745538627560943,p15 / p21 * p2 / p20 * p26 * c0.8306037249479453 / c0.654085854848957 
2199,31.07189158900937,c0.14669737513460457 / p10 / p9 + c4.524684744501498 / p8 + p23 + p2 - p28 + c1.5108119802463071 
2200,10.841041272080494,c0.8175935206723073 / p11 * p30 * c2.9093169335341935 + p7 - p30 / p25 / p16 * c3.5130811872445156 
2201,1.7671704382009668,c2.0101662594794085 / p29 / c1.5225289625627159 + p27 
2202,20.94393709844544,c1.6460898731038558 + p19 / p9 - c3.6839635962621586 * c0.03602656537125881 * c4.1616988241485 + p25 
2203,66.68735617032266,p20 - c2.852537463641917 - c2.928552351012315 / c1.0970936480027316 / p2 + p12 - c2.2403152840121985 * p0 + p28 - c3.7951723987417103 - c2.5584125992291655 - c0.9864935739069863 + c1.8259251274415726 / c0.46850346523363506 * c4.97013259169761 
2204,10.114483439675116,p8 / p26 + p2 
2205,3.3234317373371147,p11 * p19 / p29 
2206,18.99260727571172,p15 / p2 / p20 * c0.8306037249479453 / c0.654085854848957 / p5 + c1.5353229393203804 + p16 / c0.9972343973327658 
2207,8.385202940164834,p2 + p7 - p31 - p20 + p18 - p21 / p18 / p11 
2208,14.726137987361383,c1.4353492340538083 + p28 * p14 / p19 
2209,12.350335370777906,p30 - p26 * c2.1009668050110735 + p15 + p8 
2210,45.19640261324482,c4.65007824749425 + p25 + p22 - p15 
2211,33.439632423942726,p30 - p26 * c2.1009668050110735 + p15 / c1.9905373722492703 + c1.2858637163987856 * p23 
2212,7.618736303934625,p4 / p4 * c3.2344595479327505 / p25 / p2 + p21 
2213,2.4371453179527363,p26 * p31 / p13 * c4.330541158599177 / c4.442364981626753 
2214,25.9314503076266,c3.885206797785394 - p29 / p34 / c4.946922075960936 / c0.8980436080907661 + p5 - p31 - c4.940126733228149 - c1.0780527411776653 + p12 
2215,17.28258634367984,c1.0614421123109126 * p31 + p16 / p10 
2216,50.13807719320109,p15 + c1.5702132486455374 + p28 - p7 - c1.2064788135203304 + c1.5139383209661728 * c2.0955489017381685 / c0.6913969871147163 
2217,27.8605464651976,p25 + p18 - p10 + c2.5694315710587707 * p20 / c3.65667763831841 / c2.523624380456874 
2218,10.70976152221433,p3 - p18 / p25 
2219,5.267193705991692,p3 - p18 / p25 / c2.90776192881193 + p17 / p9 
2220,58.09284151503504,p31 + c2.4520157680335086 + p12 - p18 + c3.422944917306958 - c0.01153296689913652 
2221,4.932252297993007,c0.8511109939037154 / c1.5482900066504253 - c0.16471172600768746 / p31 / p25 + p32 
2222,2.6885142052610864,p21 / p20 * p2 
2223,2.345874172483561,p7 * p33 / p27 
2224,10.206169753334486,p25 / p21 * p18 / p23 + p23 
2225,6.529137593744943,p17 - c4.746912944336541 / p9 / c2.7052058679687447 * p12 
2226,13.886622725155007,p6 - p10 + p7 + c1.3319522338484142 
2227,16.281281981344396,p11 - c0.156670990469292 - c1.5200958916697038 
2228,21.368065682086566,p21 / p17 - c4.036024161667321 / p21 * c2.5739214948141385 + p16 + c2.5559217980675557 / c0.9988437516995652 / p2 
2229,2.836908557467517,c0.8367753242872389 * c1.9378195228713313 / p16 / p9 * c4.865227257291584 / p2 + p6 
2230,5.197203815954476,c2.9346385718981582 + c2.1417302221742345 + p18 - c1.5015278420137408 / p0 + c2.4411224138579293 / p9 - c4.886774501710894 
2231,3.626981112749392,p18 / p24 + p25 
2232,2.580749592368268,p7 * p32 / p7 * p25 / p5 
2233,8.26031834644163,p11 - c3.6972607084572537 / p32 / p21 
2234,3.9298022170775706,p7 / p7 / p27 * p13 * p10 
2235,3.511958643181638,p18 * p18 / p31 
2236,7.578329387510512,c1.2013708927042903 - c0.5620904377298119 + p17 * p26 / p17 
2237,2.314652497644485,p30 * p10 / p23 
2238,2.710916041821001,p30 / p23 * p25 - p30 + p7 / p20 * p20 
2239,2.852797043573998,p31 + p12 - p18 - c0.01153296689913652 * c0.8468443521071939 / p33 * p30 - p17 + p31 
2240,2.7269589156018617,p7 + c0.10180838253413926 / p7 / p13 
2241,10.756558396649838,p10 + p26 / p15 
2242,7.713825528590967,p18 * p28 / p8 / p4 + p17 / c0.51652318698445 - p27 - p15 / p9 
2243,7.719175376450588,p16 * c0.13903723983046623 + p32 * c1.9551622363299588 - p33 
2244,33.037350031951824,c0.20173810960478766 + p14 * c2.4867868916362825 / p3 / c3.6805449477256946 / c4.471822220960528 * p20 / p33 + p21 - c1.6198578785080904 
2245,40.42862753045903,p13 * c0.596252258911551 - p3 / c1.1656670778635603 * c3.3193135728912453 / p28 / p10 / p34 / p15 * p8 / p33 
2246,2.945309415225032,p5 + p25 / p18 * p6 - p10 
2247,2.941033747538187,p32 + p5 + p22 - p8 - p0 
2248,2.9331766472975698,p1 - p5 + p3 
2249,2.9331766472975698,p1 - p5 + p3 
2250,7.654959830560859,p20 + p14 - p34 
2251,2.709677861237083,p30 / p14 + p32 
2252,2.728342304826483,p10 / p34 / p15 * p8 / p13 + p3 
2253,10.06052526993076,p3 / c2.76345548110673 / c4.217344507493207 + p5 - c0.8873583966953752 
2254,1.7737045185231677,p10 / p34 / p15 + p27 
2255,3.151636751141065,p20 + c1.0117098020646198 - p30 + p22 - p27 / p5 
2256,2.6647380971614867,p31 / p1 - p12 / p25 * c1.0157597885706586 + p2 
2257,13.428003276067312,p26 - c0.07983236207601274 + c1.3189443449952494 
2258,19.52942626303021,p3 / c4.217344507493207 + p5 - c0.8873583966953752 / c2.0240946881911137 * c1.3910969124186705 
2259,19.908134193083647,p3 / c4.217344507493207 + p5 - c0.8873583966953752 / c2.0240946881911137 
2260,4.440580324281344,p28 - p8 / p26 / p11 
2261,1.803321931599588,p32 - p17 + p25 
2262,4.018896656701317,p7 / p20 / c3.4780938933956667 + p31 
2263,14.64946593137225,p6 - c2.702758767969396 + c4.0366437513172535 
2264,5.039594751371761,p20 + c1.0117098020646198 / p20 
2265,5.039594751371761,p20 + c1.0117098020646198 / p20 
2266,4.48857021497503,p28 - p18 - p17 + p26 + c0.17533242727036602 - p13 / p22 * p18 + p32 + p18 
2267,2.049064304921272,p20 + c1.0117098020646198 / p20 / p24 
2268,32.42195630934994,p26 + p32 + c3.164749226372229 - p32 
2269,23.199556746289208,p7 - p20 / p10 + c0.5919237878108796 / p29 - p21 - c2.305887248146214 / p24 * c1.7598435759399416 * p18 + p26 
2270,12.88516279201762,p5 + c1.4773380839271866 - p1 / c4.956764861027231 / c4.060762382300624 
2271,23.15779022366928,p12 / p11 * c4.4752448134082465 * p12 / c3.524770020526906 
2272,2.988614741846104,p30 * p10 / p32 
2273,2.962964008411014,p5 + c1.4773380839271866 / c4.956764861027231 / c3.622994463926763 
2274,67.42888192436197,p17 / p24 + p26 / c3.3845516674736578 / p16 * p25 
2275,2.020621104807227,p31 - c4.054885683013643 * c2.5461106613021633 / p9 
2276,34.13431716613716,p32 - c2.1403769421859424 - p21 + p12 - p17 / p25 
2277,21.380612972593983,p32 - c2.1403769421859424 - p21 + p12 / p25 / p20 - c0.31667043296387476 / c1.2241811180075601 + p11 
2278,20.323891803700576,p7 / p12 + c3.803892311922541 * p33 + p25 - p30 * c3.8094149330125013 + p26 / p2 
2279,46.487665599493766,p5 + p21 - p32 - p18 / p10 + p25 - p33 - c3.7988598957295636 
2280,5.714522650252421,p30 / p9 / c4.916020380148441 + p8 + c1.0714696568979325 / p26 * p12 / p25 
2281,5.438831589675971,p5 + p21 - p32 - p18 / p10 + p25 - p33 - c3.7988598957295636 / c3.5595653495594526 + c1.836321035447006 
2282,69.28109433352398,p9 / p29 * p33 / p10 * p18 - c2.770092364177421 - c4.164470218247828 
2283,4.553325343070876,c4.472656036872632 * p26 / p34 / p28 * p2 * c3.105106009996468 / p6 * c1.9359497455568992 - c4.381200734483232 / p19 / p5 * p13 + p30 
2284,99.46614214807312,p10 / p19 / c2.8511544573719267 / c2.001650874602764 
2285,13.217285651303284,p9 + c2.0805025575968554 / p5 + p17 - p29 
2286,71.577170466541,p10 / p19 / c2.8511544573719267 * p12 
2287,11.483205837245768,p19 / p14 - c4.011772576567213 / p20 / p16 + c4.782982505769101 * c0.03268665061793241 / p10 * c1.3979284477294134 + p27 + c2.0761345492705274 / p1 + p1 - p15 
2288,15.503150820642317,p12 + c3.450402868493667 / p11 - p31 + p20 + c3.3038818172562405 / p10 - c3.055912129470762 
2289,9.78433372391086,p17 + c0.8763581899765216 + p25 - p32 
2290,3.3547134262510427,p31 - c3.1784419718694967 / p0 / c4.368234111894338 
2291,15.445272714909958,p31 - c3.1784419718694967 / c1.9449085504131807 
2292,60.0701482500967,c4.594963255301396 + c0.019955781524198524 + p23 + c1.446123223924089 
2293,61.04023917943766,c2.9387299960937585 / p10 * p22 / p30 / p26 / p17 + p3 / c3.5660407258277225 - p0 / c1.0177239952027168 / p17 + p1 - c3.0580319374688036 * c2.219186200029737 
2294,6.816540617202984,p13 - c0.645426889073924 / p8 - p15 / c2.8517395011889057 / p5 
2295,11.313486518455452,p13 - c0.645426889073924 / p15 / p5 / c4.703991919077225 - c1.1224250175443051 * p17 + p33 
2296,49.265708599487766,c1.7721258169039182 + p3 + p26 + c4.223025360374612 - p13 + p23 * c2.4568408232528194 / c3.0680488058293816 - p18 
2297,25.3524322119528,p30 + c4.523291422835792 / p13 / c0.6473105497337001 
2298,8.520494027931042,c2.2872507470209467 / p11 + p32 
2299,13.442258839758026,c3.532868311805605 * p9 / p14 / p17 + p30 
2300,18.293536308609184,c0.7734163518911386 + p21 / p5 + p0 
2301,19.053134361484688,p8 - c2.6703995495862607 - c4.651755702942466 + c4.719034143900306 + c1.9876835670729254 / p0 
2302,73.21530395254283,c3.5549657636754706 + p3 + p0 + c4.053496488958977 - p33 / p8 - p25 / c2.8447324993936407 * c4.717920055965746 + c0.04902735936311853 / p7 
2303,9.220932631338046,c0.7734163518911386 + p21 / p5 * p28 
2304,11.793984719317567,p33 - c3.619331845926185 / c1.1496639167689493 / p22 
2305,30.461425183562906,c3.5549657636754706 + p3 + c4.053496488958977 / p8 - p25 / p7 / p10 - c0.6635008648618745 - c2.616730262872508 / p18 
2306,87.16088963306416,p0 / p14 + p7 / p23 
2307,18.83329808788816,p7 - c1.09677137985013 - c0.2638112101453083 * p12 - c2.7148773172736185 / p33 + c3.0757662086921673 
2308,22.200750830748365,p10 - p27 / p6 / p5 / c2.0885257484082342 + c0.13736680177165228 / p26 - c2.0604368964240742 * p13 / p2 
2309,4.202370046237074,c0.7423479921174436 / p30 + p26 
2310,3.09611194305692,p0 - c0.3966474117320429 / c4.6541006206301185 
2311,5.669664903651615,c2.1905220952174047 * p32 / p32 * p21 - p32 * c1.1741478532410554 
2312,23.99268881988273,p7 - c4.184056035595143 * p0 + c1.3299428992070061 / p31 + p3 + p10 * c1.9379740132440482 + p20 
2313,9.09450015821871,c4.948371900048033 - c2.9283971654388714 / p0 / c3.0285445347076645 * p17 / p18 * c4.673552169021614 - p18 * c3.3245126196966357 / p6 + p18 
2314,29.386609466730505,c2.9283971654388714 / c3.0285445347076645 * p17 / c4.673552169021614 - p18 * c3.3245126196966357 / p6 + p18 + p30 - p25 
2315,81.43561370552071,p23 - p0 + c2.681987088808662 
2316,70.64260385596542,c0.5114334411960048 + p12 + p33 / c4.116275324310984 - p7 
2317,2.497931823609412,c0.9537149103478831 - c4.924487075992764 + c4.078673910293677 + p17 
2318,8.03337882843049,p18 + p5 / p33 / c1.3464945568789317 
2319,26.41659890407885,c2.1905220952174047 * p32 / c1.1741478532410554 - p3 + c3.7752439748848627 / p6 * p17 - c0.5634124486373671 
2320,10.41799891295239,p10 - c4.773973959036492 / c4.874043660174448 
2321,56.6115300696553,p7 + c1.6827744252840633 / p24 - c1.8313598148263992 / p22 / p20 / c4.523719332479943 / p12 / p12 / p10 - c3.6447857613553896 / c0.6481924437940167 
2322,11.249334776087364,c3.179874679387016 / p25 / p4 / p8 * c3.1625019622567185 / p21 + p32 / p26 + p11 
2323,5.53563319464609,p3 + p26 / p1 * p10 / p15 / p33 
2324,8.21709763969319,c0.09381024908642066 - p11 + p12 + c3.9857469470057154 + p31 / p12 / p15 * p10 * p0 - c4.822281604749941 
2325,20.13854532137769,p1 - c3.7420885806730952 + c1.6790390666126709 
2326,2.8173855014434963,p33 * p5 / p32 
2327,17.956771950260194,c3.883938494167235 - c2.1898889973126994 + p21 
2328,30.82841311477521,c1.5048242873730584 + p32 * c1.1715612507501305 - p13 + p18 
2329,3.420805844717228,p26 * p29 / p9 
2330,43.95563507495864,p1 + c1.6790390666126709 + c2.640358133632115 
2331,14.62961428716994,p22 + c0.7035475457017271 / c1.8542786438081365 * c4.01240960337586 
2332,14.122789173914375,p10 - p10 + p16 * p0 / p7 - c1.5012619682636035 
2333,3.3729942933184662,p28 + p0 - p27 + c3.6138459275984562 / p18 / p9 * p19 / p4 * c2.3114711415275515 / p17 * c3.1104228728317795 
2334,4.911384994012889,p6 - c1.6401772934783203 / p18 / p13 
2335,3.343129689779873,p13 + p21 - p31 
2336,4.000739370757545,p10 - c2.11916810295948 / c3.0973707816357505 + c2.93434792449762 - c2.5135572177378163 
2337,14.748020696551793,p0 - c3.6138459275984562 / p7 
2338,2.8204338873504287,p5 + p6 / p34 * c2.853386161653964 / p30 
2339,9.3368436626539,p13 + p30 / c1.1026953627495755 - p8 
2340,7.859204628387975,c1.1496639167689493 * p30 / p1 / p0 + c4.432446915506422 - c4.3372495161268345 + p31 + c2.5234882147108677 - c2.350930658570631 
2341,18.41668418072239,p7 / p16 / p11 / p9 + p15 / p12 + p21 - p1 / c2.4060006863887646 + c1.7381778620897037 / c3.5632820219536105 * p31 
2342,30.890705254551047,c1.1496639167689493 * p30 / p1 / p0 + c4.432446915506422 - c4.3372495161268345 + p31 + c2.5234882147108677 - c2.350930658570631 / p19 / p16 
2343,31.768931565448167,c3.070904114493467 + c0.32722928823701924 / p21 + p13 
2344,30.890705254551047,c1.1496639167689493 * p30 / p1 / p0 + c4.432446915506422 - c4.3372495161268345 + p31 + c2.5234882147108677 - c2.350930658570631 / p19 / p16 
2345,30.925287072626308,c1.1496639167689493 * p30 / p1 / p0 + c4.432446915506422 - c4.3372495161268345 + p31 + c2.5234882147108677 - c2.350930658570631 / p19 / p16 * c0.7031566279936047 
2346,3.5309796385225503,c3.348039503597117 - c3.598134459328623 + p11 
2347,2.133017810999968,p11 - p20 + p28 
2348,18.397014326462667,p12 - p25 / c4.912966802726607 + p12 / p34 
2349,2.032189284634941,p20 / p23 * p23 
2350,18.8189073495733,p1 * c2.6787842015498047 / c2.2790589487328283 
2351,16.073967566123255,p12 - p25 / p29 * c0.08855037653556164 * p33 
2352,69.85574397787353,p16 / c4.741186818670839 + c3.9931530388697976 
2353,7.960730110389745,p23 - c2.405397937132112 / c3.1863349716772547 
2354,3.647977132934456,p18 / p28 * p7 
2355,43.63859963354136,c1.3360586839216693 * p33 + p11 / p15 
2356,10.168156483263664,p28 - p0 / p3 
2357,15.465082789978633,p13 - c1.1465359989171748 - p20 / p8 / p12 
2358,1.8191290909510656,c3.479520367997526 / p14 * p17 / p1 / p23 * c2.07157654521732 * c0.44486047176605814 + p23 
2359,2.884218485129912,p12 / p21 / p4 * p12 / c1.6440678731402651 / p16 + p2 
2360,3.772177993780572,p12 / p4 * p12 / p16 + p2 
2361,14.034347310927831,c0.30860319529816604 / p30 - p6 + c2.941215922026546 * p26 - p12 / p32 - p21 
2362,23.214748307205213,c3.7775792036580236 / c0.8338740548581874 * c1.6784422585815006 / p34 * p5 + p23 
2363,2.543195152550918,c0.8338740548581874 * c1.6784422585815006 / p34 + p8 
2364,47.43636694182556,c0.8338740548581874 / p34 + p8 - p15 - c4.795241078556896 + p13 
2365,11.916541361895824,p22 + p22 - p1 - p25 / p4 * c2.8550430145020753 
2366,17.12771342513695,p16 * c2.555032421217449 / c1.4502188079967582 / p13 + p22 
2367,4.07649165069457,p18 + c0.11558770504936089 - p2 / p21 / p1 
2368,24.120461958993623,c3.8998760483141073 + c2.953961494925324 + c2.1522441436125286 + c0.7861950135928336 + p25 - c3.572972079845109 - p11 * c3.7543667897767135 / p3 
2369,2.967938966020691,c0.11558770504936089 + c3.1493043101611433 / p26 * p23 - p25 / p6 / p0 - c2.8615938718542915 + p23 
2370,3.051686744499871,p6 / p30 - p28 / p17 + p7 
2371,14.466594542255637,p6 / p28 + p0 + p15 / p6 / p15 
2372,6.207813714505604,p5 * p5 / p15 - p5 / p23 / p33 / c1.0300900507410842 
2373,11.395336249125908,p3 + c4.950912897345342 / c1.5315086025768698 / p22 + p15 - p12 - c0.006110482873192824 - c4.271569896040926 + c1.9259553354303987 
2374,8.031279853185517,c2.10397328583799 - c2.910931264225969 + p21 - p22 * c0.013497473689367823 / p21 
2375,50.320983151346034,c3.6471519155900785 + c4.667795314307048 + p21 - c1.481763249588508 - c3.510504022089857 * c0.8186375431278275 + p11 / p30 
2376,11.32550022218429,c3.4264199843552734 / c3.5010614765360257 + p1 
2377,4.210870312584484,p27 - p15 / p28 * p33 + p3 + c2.2236351042670193 - c4.557744529328038 / p20 * p6 / c2.3919923987206215 
2378,14.876079937367024,c0.5794449185990269 + p32 / c4.906325622635618 + c0.8990113072574768 * p32 
2379,11.547997538491824,c0.4835985820545502 / p5 + p5 * p7 * c1.0969645961261771 / p7 
2380,6.8221292280331065,p32 - c2.8232590588153723 - c1.673246950735075 / p2 + c2.8737682301942806 
2381,3.9512332681530578,p5 / p28 * p16 
2382,3.9512332681530578,p5 / p28 * p16 
2383,2.1569456979818606,p32 - c2.8232590588153723 - c1.673246950735075 + c4.677196385767451 
2384,8.171450508207855,p0 + p10 - p33 - p11 - c0.6887341513445694 / p28 / p25 + p13 - p34 + p24 
2385,2.9566450494907124,c0.5794449185990269 / c4.906325622635618 / c1.033514865775228 + p10 
2386,2.0386944472862463,p21 - c0.11237916189779151 * c0.3544826924302452 
2387,2.6901570248501896,c1.8691718613784265 * p29 / p9 / p9 + p7 
2388,3.678373717760935,p16 - p30 * p0 / p0 + p13 
2389,4.096381736259959,p25 - c4.90876476239019 / p16 * p31 + c4.5965834629048 
2390,2.685238216535591,p8 + c2.5127038716884127 / p13 / p0 / p29 * c3.9072076901247637 * p11 * p1 / p1 
2391,2.1135662116913667,c1.8691718613784265 * p29 / p9 / p9 + p20 
2392,1.4457770531367795,c0.5794449185990269 / c4.906325622635618 / c1.033514865775228 / p29 + p30 
2393,2.0294727154762024,p21 - p23 / c0.7992425365674916 / p32 * c3.468499461653567 / p24 
2394,2.0169677051366284,p21 - p23 / c0.7992425365674916 / p32 * c3.468499461653567 / p24 / c2.3223830408294237 
2395,1.5064343084110627,p23 + p33 - p21 
2396,1.5064343084110627,p23 + p33 - p21 
2397,1.5064343084110627,p23 + p33 - p21 
2398,3.08343788032322,c1.028611023185488 + p3 - p18 - p11 / p33 + p13 
2399,3.1908874237395746,p23 + p5 * c0.027210747550078795 
2400,5.7464595427529295,p13 * c1.02576004830352 + c1.0989976061959035 * p20 / p30 - c1.6645623556808054 
2401,3.568745969605664,p25 - p31 / p34 
2402,9.313534954841488,p7 - p7 + p3 + p7 / p21 - c2.8484777754714323 + p8 * p21 / p17 / p25 
2403,6.706856990942471,c1.3485445118065913 / p18 + p5 
2404,1.9964972913834167,p32 - c0.1705713139566689 / p32 
2405,1.9964972913834167,p32 - c0.1705713139566689 / p32 
2406,1.9964972913834167,p32 - c0.1705713139566689 / p32 
2407,9.28493083684754,p13 - p11 / p3 + c0.6685985401198496 / c4.6860482994408486 
2408,3.197039849390435,p17 + p5 - p22 
2409,3.197039849390435,p17 + p5 - p22 
2410,3.197039849390435,p17 + p5 - p22 
2411,3.404874971850356,p4 / p34 + p12 / p16 * p22 - p12 / p3 * p10 / p18 
2412,5.227142012202365,p7 + p2 - p33 
2413,14.273752640118008,c1.8223509428236588 - p25 + p0 / p28 * p32 + p21 + p2 / p11 / c4.710848123103565 - c3.3937337997910113 
2414,7.262061832667049,c0.5781298494090137 * c2.5894631995545154 - c3.057010643151583 + c0.8568912090132597 + p11 
2415,13.609862072860263,c2.187416030688425 * p8 / c2.5316400917494306 
2416,2.697280063208576,p11 - c0.07460657326884945 * p22 / c3.3586145589142817 
2417,2.0295525678563218,c2.5127038716884127 / p9 + p22 
2418,4.332335928740144,c0.5781298494090137 * c2.5894631995545154 - c3.057010643151583 + c0.8568912090132597 + p11 / p31 + p26 
2419,2.0295525678563218,c2.5127038716884127 / p9 + p22 
2420,1.349712802315127,p13 / p10 * c0.0670507214165067 + p33 
2421,11.13614283835552,c2.5127038716884127 / p22 + p6 
2422,2.737612421895927,p11 / p7 * p2 
2423,4.398222701152391,p30 + c2.195374253565436 - p16 / p10 - c1.57326949248915 
2424,3.024196488289702,c1.100822984614633 / c0.33061200700591264 / p24 + p0 
2425,15.004286098328716,c3.821436309501279 / p17 + p7 
2426,2.276655435702112,p17 + c1.5731729162530068 / p34 
2427,1.759637854191732,p30 - p16 + p11 
2428,1.759637854191732,p30 - p16 + p11 
2429,1.759637854191732,p30 - p16 + p11 
2430,14.692286341787844,p3 + c1.411615963111632 + p22 / p21 / p34 / p22 
2431,1.8329310211668577,p30 - p16 + p13 
2432,6.861872377427719,p31 - c1.733404384714066 + c3.1373618259863134 / p1 * p13 / p3 
2433,4.499038605742416,c4.745532586355078 - c4.495051659402282 + p13 - p17 + p13 
2434,4.173841489745864,p21 + c0.7207571165775689 / c2.723965104506626 
2435,4.196192857246111,p0 - p11 / p4 
2436,3.263626345357276,p2 * p9 / p4 
2437,1.0573230384154613,p33 + c0.9285374175585392 * c3.1979476513936933 / p28 / p20 / p24 
2438,1.0604450384972963,p33 + c3.1979476513936933 / p28 / p20 / p24 
2439,1.1012996085695772,p33 + c3.1979476513936933 / p20 / p24 
2440,2.300801763928413,c1.09973682101203 / p27 / p24 / p34 * c1.9784005331700127 / c0.7380479346943913 + p17 
2441,2.303346586969292,c1.09973682101203 / p27 / p24 / c1.9784005331700127 / c0.7380479346943913 + p17 
2442,2.3362413761375023,p6 / p7 * p28 + c1.694231056247083 / c4.7350951083094115 / p12 / p4 - p16 + p32 
2443,1.4364200124513606,p32 + p20 / c0.8400288031382741 / p7 / p19 
2444,1.4778622876745775,p32 + c0.8400288031382741 / p7 / p19 
2445,2.3519867893983024,p6 / p7 * p28 + c1.694231056247083 / c4.7350951083094115 / p12 / p4 - p16 + p32 - p3 / p9 / p26 
2446,4.1936432882748855,p0 - p11 / p14 
2447,2.558628661785377,p6 / p7 * p28 + c1.694231056247083 / c4.7350951083094115 / p12 / p4 - p16 + p32 - p3 / p9 / p26 - c4.0731110872135226 / p9 
2448,3.7559929430567984,p2 / p33 / p4 + p20 / p4 + p23 
2449,1.527033425330348,p30 - c2.3964514583909793 / p15 / c0.5716749842853297 / p14 
2450,1.7167521832940802,p30 - c2.3964514583909793 / c0.5716749842853297 / p14 
2451,3.879551403838311,p6 / p7 * p28 + c1.694231056247083 / c4.7350951083094115 / p12 / p16 - p3 / p9 / c4.0731110872135226 / p9 + c0.08822561849633592 
2452,3.289775195856825,p28 + c1.1929211174098853 / p17 / p25 
2453,1.9883597012800984,p22 + p26 / p4 / c4.385191832672614 
2454,3.3730834819562343,p25 / p8 / c3.6488865888365103 / p12 / p28 * p22 + p11 + p13 / p30 - p2 / p20 
2455,8.186755507839923,c3.1979476513936933 / p16 - c0.6885808961395473 + p15 
2456,1.4930939994807555,p28 + p17 / p25 / p14 
2457,3.4796509537127784,p25 - p13 + c2.364113137894104 / p18 / p34 / p30 + p30 + p25 - p10 
2458,9.34739476699775,p33 / p20 * c1.0925264088808677 * p28 
2459,2.986305149203387,p3 + p6 / p23 - p21 / p11 
2460,4.289217699170756,p20 + c1.4836536816975339 / p20 / p12 
2461,2.691866868016039,p3 + p6 / p21 / p11 * c0.0013361049392063284 
2462,2.7312467427731897,p0 * p15 / p10 
2463,2.7312467427731897,p0 * p15 / p10 
2464,2.6935247849640547,p3 + p6 / p11 * c0.0013361049392063284 
2465,8.27094261296525,c4.428822304963379 / c4.823051690565933 * p8 
2466,8.27094261296525,c4.428822304963379 / c4.823051690565933 * p8 
2467,18.467688141639684,c0.9402434978923663 / p12 - p26 + c2.1608336093239577 * p25 
2468,2.3012600484512205,p16 - p3 / p31 / p9 / p26 * p1 * p31 / p24 / c1.0078522307423694 * c1.693922926573586 / p28 * c4.0708476383173755 
2469,2.3605029127715635,p16 - p3 / p31 / p9 / p26 * p1 * p31 / p24 / c1.0078522307423694 * c1.693922926573586 / p28 * c4.0708476383173755 * p17 
2470,2.7351958109114247,p32 - p5 / p27 * c1.3957661743442369 - c2.114453379732863 + c2.792487594439253 + p27 / p30 
2471,3.361787615192629,c0.3599020065435138 / c2.428432364583667 * p7 / c4.507970790980044 + p12 
2472,2.2422295036368003,p17 + p28 / p11 - p26 / p31 
2473,2.379958547037745,p3 - p22 + p33 
2474,2.463682533830378,p7 - p6 + p30 
2475,2.379958547037745,p3 - p22 + p33 
2476,2.379958547037745,p3 - p22 + p33 
2477,2.379958547037745,p3 - p22 + p33 
2478,1.9407540836159964,p25 + p18 / p25 / p19 / p15 * c1.1577854805573935 * c2.8105889421830508 * p5 / p33 * p32 
2479,1.8410037620665056,p25 + p18 / p25 / p19 / p15 * c1.1577854805573935 * c2.8105889421830508 * p5 / p33 * p32 / c1.8736854875232223 
2480,2.874896444468888,p8 - p6 + p17 
2481,2.2577877988690966,p16 - p29 + p29 - p16 / c2.6891701529982943 / p9 
2482,2.9008538013405345,p2 - c2.946651684268568 / c4.921642754371567 / p19 / p6 
2483,2.8949972644995947,p2 - c2.946651684268568 / c4.921642754371567 / p19 / p6 / p2 
2484,10.211364858476747,p12 + p27 - p0 - c0.7970826978255979 
2485,1.7936180230869334,p27 - p20 + p18 + c0.01851386240874664 
2486,2.0478053255220483,p26 - p16 + p10 
2487,2.385414844530555,p27 / p13 * p28 
2488,1.4877669381357537,p28 - p10 / p15 / p14 
2489,1.4892345965466611,p28 - p10 / p15 / p14 * c1.0304820519890379 
2490,3.475061170126899,p28 - p10 / p14 * c1.0304820519890379 
2491,1.4886871894468845,p28 - p10 / p14 * c1.0304820519890379 / p11 
2492,5.808848541509412,c2.6658496876482007 / c2.412215051236957 * c2.162752470838444 / c4.116708377080084 / p28 * c2.032777515374212 + p13 
2493,2.8819490446212765,p21 - p31 + p25 
2494,2.858326755629357,p20 - p7 - p15 / p7 / c3.7134389912520054 / c3.7269775339411524 / p31 + p18 
2495,2.3365404450747587,c1.5493687754184244 / p4 + p15 
2496,2.813005005353059,c3.687527101504775 / c3.69699997341342 / p27 * p30 * p11 
2497,2.3365404450747587,c1.5493687754184244 / p4 + p15 
2498,3.097031838140505,c0.1546213134565333 + p20 + c2.0855659052215714 / p29 
2499,3.111331033699484,p16 - p7 + p13 
2500,8.280433686450484,p7 - c0.6161273368404585 - c3.096408716719019 / p34 
2501,2.7361455980385205,p6 - c2.8360900538011666 * p12 / p32 / p15 / p34 * c4.485896012836197 / c2.554892886278626 / c4.5098868506016645 / p11 * p8 
2502,2.1871553949245874,c0.05034419654753319 + p31 + p30 - p16 
2503,4.375574820861823,p13 - c0.9113714355692221 + c1.2340417413591482 
2504,2.8089154762265016,p28 * p26 / p17 
2505,2.8089154762265016,p28 * p26 / p17 
2506,2.8089154762265016,p28 * p26 / p17 
2507,2.8089154762265016,p28 * p26 / p17 
2508,2.8089154762265016,p28 * p26 / p17 
2509,2.8089154762265016,p28 * p26 / p17 
2510,2.5327489985035547,p20 / p15 * p7 
2511,3.012444226548065,p8 / p27 * p20 / p28 / p21 * p5 / p9 * p7 / p3 + p1 
2512,2.522003032801381,p20 / p15 * p5 
2513,2.522003032801381,p20 / p15 * p5 
2514,2.522003032801381,p20 / p15 * p5 
2515,2.522003032801381,p20 / p15 * p5 
2516,2.871963532312696,p2 + c2.009536667912339 / p14 
2517,2.871963532312696,p2 + c2.009536667912339 / p14 
2518,2.3892870489694413,p27 / p5 * p13 
2519,1.7187421570560013,c0.13951649985921133 / p33 + p28 
2520,3.936447775055655,p15 + p18 / p19 
2521,3.936447775055655,p15 + p18 / p19 
2522,3.936447775055655,p15 + p18 / p19 
2523,2.6596189691670213,p0 / p14 / c4.509600552383816 / p8 * p0 + p16 
2524,7.784650979798534,p8 / p6 * c0.699001936858622 + p8 
2525,5.392205206830624,p18 - p31 / c2.1699954684918445 / p26 
2526,2.49854099735454,p0 / p14 / c4.509600552383816 / p16 + p10 
2527,3.997238957955071,p28 - c0.9181650142098596 + c1.2616079619221225 
2528,4.402204849621442,p5 - c1.2658977466988364 / p31 / p3 
2529,2.6957704468339565,p5 - c1.2658977466988364 / p31 / p3 / p29 
2530,4.402204849621442,p5 - c1.2658977466988364 / p31 / p3 
2531,6.401136672967628,p5 - c1.2658977466988364 / p3 
2532,2.37673214426321,c3.544913728531733 / p13 * c1.75656740024057 / p24 + p13 
2533,3.067820829588851,p0 + c0.2329004253051048 / p16 / p31 
2534,2.88198224180234,p30 / p33 * p17 
2535,2.88198224180234,p30 / p33 * p17 
2536,2.88198224180234,p30 / p33 * p17 
2537,2.679252059972544,p34 * p3 / c4.422770971120108 / p9 / p8 + p33 
2538,3.513187187708956,c1.2870352219584935 / p29 * p23 + p30 + p7 - p16 
2539,3.219034049484866,p0 + c0.2329004253051048 / p16 / p31 * p28 / p11 * p12 - p26 / p9 / p11 
2540,2.9011678014472784,p1 - p28 / p4 / p19 
2541,2.882553644488856,p0 + c0.2329004253051048 / p16 / p31 * p11 * p12 / p9 / p11 
2542,2.3415401040584105,p2 - p20 + p33 
2543,5.790251262488236,c1.6543805309045723 + c1.2885339354373064 / c3.061970004960548 + c2.2523198863251928 / c4.225826957436278 + p27 - c3.0628029457893535 
2544,2.90743512304503,p1 - p28 / p19 / c2.4335318436666054 
2545,10.209743156604215,p20 / p1 + p25 
2546,2.526297669783879,c0.13951649985921133 / p33 + p17 + c3.118780597299162 / c0.7638954832268918 / p16 / p34 
2547,1.5016822588140066,p33 + p17 + c3.118780597299162 / c0.7638954832268918 / p34 - p15 
2548,3.9638880134863865,p0 * p9 / p29 * p32 / p27 / p29 + p12 + p1 * c4.183040216484141 / p14 / p20 
2549,4.198703855375852,p17 / p13 / p32 + p13 - c0.30408037202789395 / p31 
2550,6.677753807057682,p26 - c0.5304075075706188 / p11 / c3.606060927407291 + p10 + c0.8366646289007923 - p12 + p30 - p10 * p2 / p28 / p18 / p17 - p33 
2551,3.641212113739428,p26 - c0.5304075075706188 / p11 / c3.606060927407291 + p10 + c0.8366646289007923 - p12 + p30 - p10 * p28 / p18 / p17 - p33 
2552,3.0465743576521644,p10 + p20 - p23 
2553,7.288286847030682,p10 + p23 - p15 + c0.664946588599728 
2554,2.074385058870061,p10 + p23 - p15 
2555,3.9351638650162433,p28 / p19 / p24 / c3.5565975919654513 + p17 - c0.2255002755521024 
2556,10.543564637208975,p11 + p0 - p16 * c1.160911317021871 + c1.0214881103994133 * p26 / p8 / p19 / p16 + p26 * c2.7617777480579564 - p6 * c2.701589246920383 
2557,3.8481106410134815,p28 / p19 / p24 / c3.5565975919654513 - c0.2255002755521024 + p3 
2558,2.833772704667391,p19 / p24 / c3.5565975919654513 - c0.2255002755521024 + p3 
2559,1.5038813503707382,p32 + p16 / p7 - p34 / p19 
2560,4.471694086638963,p27 * p27 / p0 - c1.0369634001804973 / p14 + c0.3431665402827816 
2561,8.844320137461876,p18 - c0.8930300568193716 * p13 / p8 * c0.9355129944857749 
2562,2.3682985732836297,p18 * p13 / p8 
2563,2.3682985732836297,p18 * p13 / p8 
2564,4.944170647662821,p9 * p8 * p25 / p34 / p28 
2565,21.434876995044853,c2.0945449334186317 - p14 - c2.6051564267221092 * c1.5445187459376974 - p28 - c4.14185193042783 + c4.08753439941244 + p28 + p29 + p31 
2566,46.03318495809975,p33 / c1.8526029604760468 + p31 - p11 
2567,9.809753738900866,p33 - p32 / p16 
2568,3.000421873472056,p12 / p28 / c3.391954260671271 + p32 
2569,6.081261876934133,p18 / p5 / p1 + p8 + p28 / p20 / c4.486858750218189 / p7 
2570,3.656312788627911,p18 - p27 / p9 
2571,2.689076621009136,p5 - p34 + p34 
2572,2.6188751280200617,p11 + p5 / p20 / p4 
2573,5.486472358252662,c1.7072741629677923 * p5 - p25 * c0.6672634261601218 
2574,3.2334338805387177,p25 + p15 - p15 / p33 + c3.2967762432064736 / c3.167010689443285 - p33 
2575,1.871645554197511,p20 / p30 - p18 / p16 + p23 
2576,2.5302278195027594,p25 + p15 - p15 / p33 + c3.2967762432064736 / c3.167010689443285 - p7 
2577,2.062024874851613,p30 - p16 + p6 
2578,2.062024874851613,p30 - p16 + p6 
2579,3.098181552292121,p11 - p5 + p16 
2580,2.0954169497734494,p20 - c1.7858266131126832 * p33 / p24 / p6 
2581,2.065482691356334,p20 - p33 / p24 / p6 
2582,3.6371479788390144,p20 - p33 / p24 / p6 * p12 
2583,2.7075528472985297,p32 + p30 / p34 
2584,1.4426874732842063,p32 + p30 / p34 / p8 
2585,1.4785509202310012,p32 + p30 / p34 / p8 / p25 
2586,1.4426793287568171,p32 + p30 / p34 / p25 
2587,5.042508084421333,c2.232444698680349 / p23 / p22 + c2.677053300411444 - c3.3482073127708745 + p5 
2588,36.26504158921874,c3.926471528199233 - c0.274443384522734 + p25 
2589,16.373136264946307,c0.5860184257619938 / p6 / p6 - c2.4611851376718015 + c0.8353534488404679 + p12 
2590,7.757017700087123,p6 / p6 - c2.4611851376718015 + c0.8353534488404679 + p12 
2591,5.0798134896852165,p20 - c4.35206449747893 / p23 / p5 / c4.232714435678721 * p28 
2592,4.521537514669004,p20 - p23 / p28 / c2.749620998933419 
2593,2.9224804601258216,p10 / p13 * p11 
2594,3.911918372698208,p12 + p9 - p4 
2595,3.620547471117449,p22 - c3.5635883309648646 / p19 - c0.14311884144940057 
2596,9.962366904948034,p6 / p6 + p12 
2597,1.4744940893055252,p6 / p6 * p32 
2598,4.8653761122956185,p2 - p30 / p32 + c1.3946307175500445 
2599,5.349592143000898,p8 + p7 / p25 / p33 
2600,12.51054304734152,c0.274443384522734 + p33 + p3 * p30 / p26 / p16 
2601,1.8008192452784166,p34 - p34 + p26 
2602,1.8023317080225016,p26 - c2.1315643162645515 / p29 / c1.8039650249808332 / p7 
2603,1.8007736337747615,p26 - c2.1315643162645515 / p29 / c1.8039650249808332 / p7 / p29 
2604,1.802403284261604,p26 - c2.1315643162645515 / p29 / c1.8039650249808332 / p7 / p29 * p9 
2605,1.474494089305525,p32 * p21 / p21 
2606,2.509570246241169,p8 - p33 * c0.7152685590464031 / p6 / p24 
2607,5.127956206075305,p26 - c2.1315643162645515 / p29 / c1.8039650249808332 * p9 / p30 
2608,2.968489292361024,p5 + p10 / p1 / c2.6250030409979046 / p0 / c2.173551184225821 
2609,3.526638175573619,p5 + p10 / p1 / c2.6250030409979046 / p0 
2610,5.117783325262963,c1.620371293951353 / p17 / p25 / p27 * p5 + p6 - c2.8637963748134143 * p27 * c3.102422330289787 / c2.1443183073156 / p24 * c1.747285784007644 / p3 / c3.2937186292147125 
2611,7.184320953746832,p17 + p21 - p30 - p5 + c1.5321482646040558 + p26 - p30 / p5 * p15 / p6 
2612,3.247623146288344,p6 + p16 - p21 
2613,3.247623146288344,p6 + p16 - p21 
2614,14.634911895148727,p32 - c3.081800408102222 / c2.2526839869807285 
2615,3.4138859941057365,p10 + c0.6058924529102366 / p7 * p8 * c0.2952587836136361 
2616,2.496843614261553,p10 + c0.6058924529102366 / p7 * p8 * c0.2952587836136361 / p14 
2617,2.7103161484560987,p6 - p26 / p4 / c0.9950425668443003 / p30 
2618,2.787305553576649,p6 / p30 * p27 
2619,3.903260892080068,p2 - p15 + p7 
2620,3.006457820800402,p29 * c0.01790786483490625 / p3 * p10 / p4 + p1 
2621,2.05316020952992,p0 - p0 - c0.022331066216609297 + p21 
2622,3.4308752766772144,p1 / p33 * p28 
2623,5.725956340950779,p5 + c4.665125025247277 / p12 / c4.464113345474214 
2624,1.717856237530908,p19 / p19 - p21 / p32 + p26 
2625,1.644060280404781,p32 - c0.11593519024928556 / p27 / p1 
2626,4.399164412251825,p5 / p18 + p21 - c0.7115359298753682 
2627,2.887905778096147,p0 + c1.2128296539121015 / p24 / p7 / p15 
2628,2.595258435004087,p17 * p13 / p8 
2629,2.595258435004087,p17 * p13 / p8 
2630,2.921123127257599,p0 + c1.2128296539121015 / p24 / p7 / p15 / c0.21053356496524733 
2631,2.606229254613391,p32 + c0.5377724119216098 / c0.6222878054790332 * c2.414091042198425 / p20 / c1.4442926991967449 * c0.33937867691191725 
2632,1.8983714837697288,p32 + c0.5377724119216098 / c0.6222878054790332 / p20 / c1.4442926991967449 * c0.33937867691191725 - c3.1969746868266857 + c3.230042520350512 
2633,1.8640808753014475,p26 - c0.32090044627610115 / c4.060867793630333 
2634,4.930398192883028,p0 / p29 + p1 
2635,5.086194785253843,p1 - p8 / p8 * p17 + p1 / p12 * p25 
2636,4.030803042290934,c1.042533794945586 / p2 / p22 + p8 + p16 / p29 / p34 * c0.5809097168369692 * c0.7014696540111465 / c4.237839011147106 + c0.7891717835494172 / p14 
2637,11.210450036508988,p26 + p15 / p22 
2638,11.210450036508988,p26 + p15 / p22 
2639,10.73639256775756,p5 - c2.5670101101145057 / p21 
2640,6.514301311389747,p11 + p18 + p27 / c1.9473788043275113 / p1 - p10 
2641,3.150302143341551,p0 / p29 + p22 
2642,4.768437192574977,p25 - c0.23090424798608788 * c1.7759470337775907 
2643,2.786203212956097,p23 - p32 + p27 - p5 + p7 
2644,2.8790692970720624,p0 + c1.2128296539121015 / p4 * c0.9536350304760621 * p16 / p9 / p6 * c0.023748580722143253 
2645,2.8790584202506184,p0 + c1.2128296539121015 / p4 * c0.9536350304760621 * p16 / p9 / p6 * c0.023748580722143253 / p16 
2646,2.8790695373642343,p0 + c1.2128296539121015 / p4 * c0.9536350304760621 * p16 / p9 / p6 * c0.023748580722143253 / p16 * p13 
2647,2.879058423766671,p0 + c1.2128296539121015 / p4 * c0.9536350304760621 * p16 / p9 / p6 * c0.023748580722143253 / p13 
2648,3.394286006910896,p23 - p32 + p7 
2649,4.936736598139378,c2.219365126966543 / c3.0123619609585663 / p13 / c1.3572539054212085 * c1.603361462078012 + p10 
2650,6.155999429294429,p8 * c0.47070416191368536 / p0 + p10 / p34 * p29 - c0.9383631091460182 / c2.271595423260772 / p4 / p11 
2651,9.708990154207136,p31 / p18 - p15 / p24 / c3.2060042934715676 + p30 
2652,36.52012148315569,p0 + c3.3178713165739593 + c0.3402601600173083 
2653,10.945961871466848,p11 * p32 * p12 / p12 / c1.0091464718327892 * p17 / p16 / p7 / p16 + p16 
2654,8.354264321721745,p15 / p3 + p13 - p20 / p18 + p25 - p8 - c1.948544862857523 * c3.7742669826180464 * c0.24037273088275912 + p23 / p26 
2655,4.290299069346236,p12 / c1.0091464718327892 * p17 / p16 
2656,2.9016956912422955,p0 + c0.3402601600173083 / p26 * c4.48114339444589 / p34 
2657,5.002229115902759,p0 + c0.3402601600173083 / p26 * p1 
2658,11.078399549608424,c0.29152447466712916 * p27 / p21 * p28 / p8 * c0.8180503735758315 / p21 * p26 + c0.8688566817523458 * p13 
2659,2.1850620150758715,p23 - p32 + p31 - p7 / p4 / c3.148134754747263 
2660,5.807268462754401,p0 - c0.05806661025706594 * p12 + p6 / c4.337788832803534 / p0 / p28 
2661,5.691233619102332,p16 - c2.3415226578790067 / p31 / p30 
2662,15.27417753678748,p13 - c4.825126090061113 / p7 / p24 - c1.1011420601768174 - p26 / p30 / p10 
2663,10.193194115919844,c1.9840297994077822 / p20 / c0.8366105718620176 + p3 
2664,14.751500431526226,p13 / p7 / p24 - c1.1011420601768174 - p26 / p30 / p10 + p20 
2665,2.573251246048687,p6 - p20 + p23 
2666,2.573251246048687,p6 - p20 + p23 
2667,2.6575799350924822,c4.442517925436361 + p28 - c4.77565872728873 + p25 / p26 / p13 
2668,3.904407425604174,p6 - p20 + p2 
2669,2.728538271639396,p10 / p18 / p31 / p9 * p21 + p5 
2670,9.212328430563682,p6 - c0.32869554236498844 * c2.759694664523872 
2671,12.934177241303257,p2 * c2.5629763822281864 / c2.929022554058479 + p10 / p22 / p7 + p30 - p0 
2672,10.4295385344895,p20 + p28 / p3 
2673,2.7302756852427,p32 + p26 / p24 
2674,2.5761195836207964,p23 * p6 / p20 
2675,2.5761195836207964,p23 * p6 / p20 
2676,16.570185270738953,c1.0091464718327892 * c4.433510299304381 / p1 + p17 
2677,2.5761195836207964,p23 * p6 / p20 
2678,2.3588032882366616,p32 + p21 - p5 
2679,12.48500174738084,p23 * p6 / p20 + c1.1172457078048115 
2680,2.66753890653372,p23 * p6 / p20 + c1.1172457078048115 / p4 
2681,3.950184035906997,p26 / p24 + p15 
2682,6.361173640818706,c2.807015034521998 * c0.39155176500704547 / p27 + p1 
2683,5.615291621754604,p22 - p2 / c4.496751961508492 + p16 / c3.557256659520575 
2684,7.277131213775025,p22 - p2 / c4.496751961508492 / c3.557256659520575 
2685,2.9065476442964973,p26 / p24 + p3 - c0.7030647808640667 / p4 * p12 
2686,18.419725320512786,p10 + c1.064137818233265 / p20 * p15 + c2.211891684343202 / p1 / c0.6606480236949064 * p21 / c4.474738528458964 
2687,5.646083706891243,p11 + c1.6776739070758024 / c4.252181430318972 
2688,5.646083706891243,p11 + c1.6776739070758024 / c4.252181430318972 
2689,2.578006572596716,p11 + c1.6776739070758024 / p28 / p19 
2690,21.118224655314624,p15 / p3 / c1.948544862857523 * c3.7742669826180464 * p23 / p23 + p3 - c0.8928870930545174 * p33 - p33 / c3.3445253076409336 + p21 
2691,25.00998649894695,p20 * c1.1529903805093977 + p19 - p24 - c2.787888039491196 
2692,30.82074617373905,p6 - p24 / p1 * p22 + p30 + p34 + c3.3982159784071095 * p1 * c0.624582214393789 / p7 * c0.38778035197418903 * p33 - p26 - p17 
2693,32.8377878457862,c1.317440708232277 + p8 / p3 + c4.870637378710959 + p8 - c3.8969675568591255 
2694,13.622401531742472,c0.40556228886047374 / p16 * p1 / p6 + c3.5814308655978895 / c4.551857312883741 + p31 + p10 / p27 / c3.0210604151475584 
2695,20.18534360642397,c0.40556228886047374 / p16 * p1 / p6 + c3.5814308655978895 / c4.551857312883741 + p31 + p10 / p15 
2696,5.67886912564118,c0.40556228886047374 / p16 * p1 / c4.551857312883741 + p31 + p10 / p15 / p10 
2697,11.282622469226848,p12 - p3 * c4.0237251977612845 / c3.4662468359923233 + p30 + c0.4232838551579865 + p1 / p4 
2698,16.82981922863663,p0 + c4.309582691115207 / p11 
2699,3.375678056953752,p22 * p2 / p27 
2700,10.193984391228998,p8 / p0 + p28 
2701,2.744320279961445,p13 + c0.23616263183411978 / p13 
2702,2.967143734668594,p18 / c1.8133716401164186 / p4 - c1.4876737227555874 + p32 + c3.5824929433386696 - c0.7090751500104614 - c0.6906039697463756 - c1.635127860479112 - c1.8720459563150755 + c2.5947043801824883 
2703,5.131406068041376,p3 + p8 - p22 - p33 + p18 
2704,2.99336309709165,p8 - p17 + p21 / p26 * p17 
2705,5.720015871828188,c3.973975901393973 / p10 / c3.674285584738409 + p2 
2706,3.010498097267344,p27 + c2.177742774492585 / p13 / c4.11121274945608 
2707,3.373690966226681,p19 * c0.5414689566659653 / p14 * p7 + p25 * c0.48898395055086363 
2708,2.821628912957196,c0.1779574954246993 + p22 * p31 / p15 
2709,1.4477004901201085,c0.6855440794882517 / p24 * c0.18586282473247062 + p28 
2710,2.6487348824741708,p28 / p20 / c0.4305272847398739 - c2.2998874300926504 + p3 
2711,1.511351393145998,p33 + p18 - p21 
2712,2.77637833546089,p7 + p8 - p3 
2713,3.077395298498648,p25 - p32 + p17 
2714,3.077395298498648,p25 - p32 + p17 
2715,2.800713181173581,p27 + p10 / p5 * p30 - p33 
2716,2.776283437966721,p12 + p7 - p2 
2717,2.776283437966721,p12 + p7 - p2 
2718,2.710541193250541,p27 - p11 + p20 
2719,1.75704449152751,p15 - p29 + p29 + p26 - p11 
2720,2.710541193250541,p27 - p11 + p20 
2721,2.289596253533701,p30 + p32 - p28 + p13 - p16 
2722,2.103872951812981,c1.8393994689851734 / c4.802828779696515 - c0.6745225972424895 + p22 + c0.6864803932494068 * p13 / c2.269318647313165 / p33 
2723,1.814807242695662,p21 / p21 * p8 / p3 - p19 / p2 / p34 * p8 + p26 
2724,4.009727767952094,p7 / c1.0198177952194243 * p24 / p19 
2725,2.3229613812714622,p5 * p30 / p20 
2726,2.3229613812714622,p5 * p30 / p20 
2727,2.103007139870442,p33 + p13 - p0 
2728,2.103007139870442,p33 + p13 - p0 
2729,9.136578244029602,c0.5422229550845936 + p1 / p10 * p21 + c0.14318444700550603 
2730,3.952798179950635,p2 + p10 - c0.1750471626609701 - p10 
2731,5.408931547343462,p16 - p32 / p15 / c1.9571499544429771 
2732,2.601310172342618,p23 - p3 + p18 
2733,4.934103009831282,p21 / p19 + p1 
2734,2.1731151267091717,p5 / p12 / p14 + p21 
2735,3.5160914485514443,p6 - p32 / p34 
2736,3.5160914485514443,p6 - p32 / p34 
2737,4.525468933154708,p12 * p27 / p11 - p26 + p3 
2738,9.81734313603734,p16 - p16 / p11 
2739,3.288181361975023,p12 * p27 / p11 - p26 + p26 
2740,2.2924951245542844,p13 - c1.729329115632312 / c2.7652978570266926 / p24 
2741,3.5215092976638767,p16 - p16 / p11 / p32 / p5 
2742,3.0579790853728563,p2 + c0.3640893202521267 / c3.4934231818095296 
2743,1.4744940893055267,p34 + p32 - p34 
2744,2.90745391312717,c0.8397272255489308 / c4.377761709114316 + p25 
2745,4.520384435349442,p13 - c1.729329115632312 / p5 + c0.5676980329176556 
2746,29.61291690189741,c2.9455650500043755 + p25 * p8 / p30 
2747,4.031438484177034,p22 - p26 + p16 * p17 / p21 
2748,4.457871166748381,p25 * p8 / p30 - p10 / c3.303493747786164 / p22 / c2.657272621051363 * c2.334357339691975 
2749,1.8019788549425144,p27 + c0.7121726388403615 / p28 / p32 / c0.5359701926555699 * p2 / p24 
2750,1.768298347169328,p27 + c0.7121726388403615 / p32 / c0.5359701926555699 * p2 / p24 
2751,2.059220274706376,p18 + p10 / p9 / p15 / c1.5782004489981194 
2752,2.283085597310126,c0.7121726388403615 / p32 / c0.5359701926555699 * p2 / p24 + p17 
2753,10.423445582186249,c1.769964437517475 - c4.059799270870525 / p9 / c0.835437358519458 - c2.6081219571621794 + p18 / p20 * p8 - c0.14820734455688656 / p18 
2754,2.533380741449287,c0.7121726388403615 / p32 / c0.5359701926555699 * p2 / p24 + p17 / p3 * p0 
2755,2.550481215863464,c0.7121726388403615 / p32 / p2 / p24 + p17 / p3 * p0 
2756,2.345465198084582,p18 - p15 + p26 - p15 / p29 / c1.7415570812771441 + c3.949792877883214 / p14 
2757,1.9195450718662048,p25 - c0.034196222791123554 - c0.020825734756070302 
2758,13.635752279451758,c2.9964735790329318 * p0 / p30 + p32 / p25 * p3 - c3.2822781187288386 / p16 - c3.8730431399113403 / p32 
2759,1.9195450718662048,p25 - c0.034196222791123554 - c0.020825734756070302 
2760,2.281204475386465,p28 - p12 / c2.964874323795581 / p1 / p5 
2761,4.438627075659801,p28 - p12 / p1 / p5 
2762,2.9077055417020574,c4.717889581563114 * p2 / c4.021452045308162 / p7 / p4 + p25 - p3 + p21 
2763,3.608495031772491,p12 / p1 / p5 - c0.46525120997335856 / c2.228493762174412 + p22 
2764,2.5634831041615467,p8 / p17 + p12 - p16 / p16 
2765,2.3106191769996944,p32 + p10 - p23 
2766,2.646338864393846,p25 - c0.020825734756070302 * p6 
2767,1.812578290327164,p25 - c0.020825734756070302 * p6 / p31 
2768,1.5381849009376891,c0.058177725897824994 / c2.0358980216878924 + p28 
2769,1.4448098901248474,p28 + c1.87327859100819 / p23 / c1.501052233853597 / c2.4619851800719057 / p31 / p22 * c0.04134057595600871 * p30 / c4.958231217591701 
2770,1.446689360556776,p28 + c1.87327859100819 / p23 / c2.4619851800719057 / p31 / p22 * c0.04134057595600871 * p30 / c4.958231217591701 
2771,1.4549210934620365,p28 + c1.87327859100819 / p23 / p31 / p22 * c0.04134057595600871 * p30 / c4.958231217591701 
2772,5.48193937519996,p16 + p12 / p17 / p8 
2773,9.826697414013724,p32 / p2 / p3 * p0 + p17 
2774,3.1650323728674623,c0.24961865118861226 * p0 / p5 + p28 
2775,7.50542846329902,p12 / p16 / p33 + p17 - c2.567712157353994 / p3 
2776,3.445659931319714,p13 + p8 - p22 
2777,2.123514930363007,p13 / p7 * p27 
2778,2.123514930363007,p13 / p7 * p27 
2779,2.512116667278792,p8 - p22 / p19 / p26 
2780,3.311967978982955,p26 / p23 * p33 + p26 - p21 - p10 / p16 * p22 / c3.60825698130494 / p3 
2781,4.3829941034420745,p0 * p5 / p21 
2782,2.288811661702776,p13 * p27 / p23 
2783,2.288811661702776,p13 * p27 / p23 
2784,2.288811661702776,p13 * p27 / p23 
2785,1.8732144788824103,p5 + p30 - p7 
2786,2.54987698111396,p6 * p16 / p1 
2787,3.3677469325854337,p6 * p16 / p20 
2788,2.804204455508978,p7 - c1.3890766773219827 / p34 
2789,3.255393316897084,p27 + p28 - p1 
2790,2.799499296201616,p7 - c1.3890766773219827 / p34 * p2 / p25 
2791,7.716881863415889,c0.8363341793037921 - p11 + p32 + p18 
2792,4.285444633689393,p29 + p0 - p34 
2793,3.254064260812023,p20 + c1.5361358743757796 / p2 / p6 / p30 
2794,3.863339610522687,p7 * p2 / p13 
2795,3.863339610522687,p7 * p2 / p13 
2796,3.863339610522687,p7 * p2 / p13 
2797,1.4648953565149403,p28 + c1.055030313186502 / p30 - c1.0590634094116829 / p16 
2798,3.751730207535379,p15 - p6 + c0.546283236355013 / p17 + p20 
2799,4.483259784171185,p12 - p6 / p33 / c3.739432301282412 
2800,2.9362711082021664,p27 + p33 * p5 / p24 / p5 
2801,2.7730072402397687,p10 + p1 - p3 
2802,2.867689490896192,c4.2694459536477005 / p26 / c0.9328908612138115 / c0.5888642471890482 * p17 / p4 + p15 
2803,2.416960474730636,c4.2694459536477005 / p26 / c0.9328908612138115 / c0.5888642471890482 / p4 + p15 
2804,9.977941091125892,p7 + p2 / p10 
2805,4.401645623607509,c1.7817091327157413 - c2.041263332312485 + p26 + c0.5664012141707897 
2806,12.254548432300622,p28 - p26 + p10 - p8 / p25 + p2 - p10 
2807,3.77422891819172,p13 + c0.8264778093381869 * p11 / c3.3649666887705725 / p30 
2808,1.0167578391944403,p33 * p23 / p23 
2809,6.76516107300858,p21 / p1 + p5 - c1.5732063008659254 
2810,4.206248325926831,p11 / c3.3649666887705725 / p30 + p15 
2811,3.4463298291157303,p8 - p17 + c3.790882709655465 / p25 * c0.03228599088873685 + p16 
2812,8.52810811865095,p10 - p26 / c2.8145072030966833 / c4.259754708173819 
2813,9.074858105201576,c1.5146044750888688 * c0.3130893615797714 + c0.34478759521064606 + p3 
2814,2.606214834960245,p12 / p27 - c4.492378325644445 + p33 + c3.709889440521241 
2815,9.530823106186734,p25 + p11 / p31 / c4.226304513075677 - c4.6107685962015585 * c1.1858525550998138 / c4.724169744096928 
2816,2.704252179148853,p12 / p27 - c4.492378325644445 + p33 + c3.709889440521241 * p28 / p5 
2817,2.6918442295933898,p1 * p12 / p6 
2818,2.6918442295933898,p1 * p12 / p6 
2819,3.151325213067208,p18 - p1 / c4.291279267580686 * c0.3992639564607814 / c3.61721342865787 
2820,1.4498386497363462,p33 - c0.7200652837919835 / c2.162047175304864 / p33 / p26 
2821,2.048190231615098,p18 - c4.291279267580686 * c0.3992639564607814 / c3.61721342865787 / p9 
2822,2.0916763462733154,p18 - c4.291279267580686 * c3.61721342865787 / p9 / c3.968517272257412 / p10 
2823,4.826291114147312,p6 + p16 / p4 
2824,3.3250937278938104,p31 - c3.6739771253474727 * c0.32091528966765925 + c2.119195010517891 - c1.6914212853504462 - p23 / p24 + p0 / p6 + p10 / p4 + p22 - p6 
2825,1.9195453678266587,p25 - p26 / p34 * c0.2354186383892909 
2826,2.88415423874399,p17 / p3 * p7 
2827,4.812165325338436,p31 - c3.6739771253474727 * c0.32091528966765925 + c2.119195010517891 - c1.6914212853504462 - p23 / p0 / p6 + p10 / p4 + p22 - p6 + p30 / p32 
2828,2.126968075437214,p13 / p11 * p31 - p18 + p26 
2829,11.080790066949758,p33 + p11 * c3.587216932409824 / p4 
2830,3.362827676423113,p13 / p11 * p18 + p26 / p19 
2831,3.2803470486307384,p11 * c4.134702000334146 * c0.4733337795764647 - p7 
2832,2.540775999108124,p7 - p8 + p15 
2833,3.914989291015084,p30 - p20 + p21 - p23 / p14 + c4.864928062577799 / p10 / c3.2310209680563244 / p13 * c1.4367977721716751 * c2.3660810734959705 / p0 / c3.885573065853028 
2834,4.284539647074004,p7 * p5 / p23 
2835,2.8974867596706555,p2 + c0.3479389210757289 / p34 * p17 
2836,4.284539647074004,p7 * p5 / p23 
2837,2.315751355546646,p23 / p20 * p8 
2838,1.5097002585965236,p11 * p5 / p24 / p22 / c3.0656282963135633 + p33 
2839,3.1034726526987635,p23 * c1.9820512668264112 - p10 
2840,3.1034726526987635,p23 * c1.9820512668264112 - p10 
2841,2.999409756876356,p26 / p19 * p34 
2842,2.7017965483617576,p22 / p4 / p9 + p3 
2843,9.108811899596086,p10 * c2.9817685064952033 / p4 / p27 - p32 + p15 + p6 - c0.5503272265988429 / p14 / p23 / p28 - p22 / p12 * c1.8340339257510196 / p8 
2844,8.871479719188981,p30 - p20 + p21 - p23 / c4.864928062577799 / c3.2310209680563244 / p13 * c1.4367977721716751 * c2.3660810734959705 / p0 * p10 + p25 / p26 
2845,4.609678582018556,p31 - c2.7280936423010376 / c3.421630779514278 + p5 * c1.142661978696065 / p10 
2846,2.743647379346358,p2 - p3 + p22 - c0.20835298275868663 / p17 + c4.6623500225360806 / p4 
2847,3.6501158490359447,p21 + p11 - p2 
2848,2.7385757799395485,p25 / p27 * p12 
2849,3.6501158490359447,p21 + p11 - p2 
2850,3.6501158490359447,p21 + p11 - p2 
2851,1.830659516346261,p27 - p1 / p24 / p0 / p10 
2852,1.771324282363252,p25 - c0.04260973241581645 / p1 / c4.98549954722678 
2853,1.82508707532496,p27 - p1 / p24 / p0 / c2.9769157935123265 / p18 * c2.4862190336422367 
2854,6.670422293676463,p18 - p15 + c3.3048293175686254 - c3.830618722293825 / p31 * p10 + p20 - p23 / p27 * c0.09944217954585499 / p0 * p18 
2855,2.8146745289950488,p14 * p18 / p24 
2856,7.2887172380029535,p12 - p9 - p6 + c0.17397947689940685 + p24 + p27 
2857,4.7862770107806405,p15 + p32 / c2.653347430468413 / p15 
2858,5.605779900609253,p21 / c3.0452899806695637 / c4.514578300651272 + p33 + p12 - p1 
2859,7.2884364870962655,c2.228849878815588 / p26 + p27 - c0.3822865277547849 / p25 
2860,11.012067729476843,p32 - p28 / p8 
2861,2.090558209287495,p25 - p11 + p15 
2862,3.2595124323909976,p24 / p9 + p32 - c0.6791919132168844 
2863,3.6272949003590953,p27 / p19 + p7 
2864,3.02039338030057,p13 * p15 / p0 
2865,7.265818097783443,p17 + c2.412467462525993 / c3.3655278153664314 
2866,3.02039338030057,p13 * p15 / p0 
2867,4.254730456024726,p21 - p10 / p21 + c1.2621695378316828 
2868,2.7505235516322104,p28 - p0 * p23 / p31 + p18 
2869,5.611688554618319,p0 - p19 + p29 
2870,1.7602373826741593,p21 - p21 + p25 
2871,1.7602373826741593,p21 - p21 + p25 
2872,2.06382346511864,p21 - p21 + p22 
2873,6.7100130576030566,p28 - p26 - p27 + p6 + c4.10097003889968 + p13 / p28 * p21 - c4.588465439946776 
2874,4.875432327646801,p2 - c0.07696583868016138 * c3.7096792055993646 
2875,1.42309338634148,p20 * c3.155530563452102 / p29 / p28 + p32 
2876,1.487118682038973,c3.155530563452102 / p29 / p28 + p32 
2877,2.7156768138662404,p20 - p7 + p31 
2878,4.179088619004907,p17 - c1.0329594281534293 / p14 + p1 / p22 / c2.769927824997631 
2879,3.147550667106301,p32 / p33 / c4.476873729624421 + p23 
2880,3.0199484076925165,c4.885212115617503 * p11 / c4.837567261367264 
2881,3.8680147630750046,c0.3822865277547849 / p7 + p6 - p1 / p20 * p33 + p0 - p15 + p30 
2882,2.1166853235152563,p13 + p18 - p6 + p33 - p15 
2883,3.25234185570841,c4.885212115617503 * p11 / c4.8200991521359065 
2884,2.52066355269801,p2 * p24 / p29 / c3.8035233446459813 / p2 / c3.609660117685012 + p15 
2885,2.873647147429249,p7 - p1 * c1.336947296538774 / p26 * c0.15952765057373142 / c4.902865645040456 
2886,2.52066355269801,p2 * p24 / p29 / c3.8035233446459813 / p2 / c3.609660117685012 + p15 
2887,3.522312713733876,p6 - p1 / p4 
2888,3.34719941830228,p16 + p33 / c0.348122520033074 / p24 * c3.7166914317426887 / c1.2616230078768942 / p30 
2889,7.754864986803368,c2.8520255814118607 - c2.2182896446288316 + p16 
2890,2.8394226117542503,p16 / c0.348122520033074 / p24 * c3.7166914317426887 / c1.2616230078768942 / p30 + p12 
2891,2.0363357980361445,p13 + p20 - p15 
2892,24.04561821475374,p30 + p2 - c2.0955009140928156 - c1.4901682907593456 / c4.803166223582018 - p12 
2893,2.7239946983383128,p17 / p16 / c3.4989666759914 * p12 / c2.526342422207906 / p16 + p15 
2894,3.598326453382282,p9 * p20 / p29 
2895,6.789546205235325,p30 / c3.2719650587909594 * c3.491826402125713 
2896,3.917890533306332,p2 - c1.4901682907593456 - c2.1775620216739573 - p13 / p16 + c4.911286780123436 
2897,2.757250416690098,p12 / c1.336939126333478 - p1 + p18 / c3.7358181449640386 + p2 
2898,2.319549519333915,p15 + p23 * p5 / p29 / p32 / p32 
2899,3.1654063661868355,p21 + p0 / p34 / c1.903936440411359 
2900,3.3295376726362664,p20 / p29 - p7 + p2 + p22 
2901,2.7926095529159167,p11 + c2.8624050378098245 / p14 
2902,10.166332096952887,p6 - p15 / p17 
2903,10.166332096952887,p6 - p15 / p17 
2904,6.256734510095963,c0.2635505672220978 + c0.3389776449882531 + p17 
2905,4.013655255573872,p2 / p28 / p0 / p3 + p3 
2906,5.50226263653618,p2 / p28 / p3 + p3 
2907,8.330439017310352,c3.294087328677908 * p25 + p31 / c0.9990468205710851 * c3.189368353353812 - c3.6964710165303867 / c4.7679884372255446 * c4.502808948810346 * p15 - p20 - p0 
2908,6.246532921592569,p6 - p17 + p26 / p10 / c3.449571058999536 + p0 
2909,4.302333179670175,c0.6794335986225902 / c3.125185152551477 + p15 * c0.23426035637708897 / p31 / p22 + p13 
2910,22.04451531097236,p7 + p18 / c4.336688922667824 
2911,25.03163902442077,p23 / c4.64286047381895 * c3.489012195447124 - p27 * p2 / p29 * c3.1534286078874367 / p12 / c1.8963929835178706 / p18 * c2.3038404925770433 / p8 
2912,4.634606562075809,p17 - c1.143803734694147 / p10 + c0.8641628984148075 
2913,2.383791901398935,p17 - p1 / p5 / p24 
2914,15.387188638700566,c3.336660587953259 / p24 + p30 - p21 - p33 + p23 + c0.846877218174038 * p8 * p15 / p20 + p6 * p28 / p28 / p13 
2915,4.55961889488928,p20 / p14 + p16 
2916,2.7096664779438013,p32 + p25 / p9 
2917,3.804702570252697,p20 / p14 + p2 
2918,7.680500650499082,p5 - c0.2778352335579115 - c0.39400357246145545 
2919,1.4929533129965815,p32 / p33 / p34 + p30 
2920,9.44125874879804,c3.968210772187921 / c4.035281015489712 / p5 + p8 + c0.494744027346386 
2921,2.672921199005557,p32 / p34 * p19 
2922,9.400701239790028,c3.6638824883057115 + p24 / p26 / p34 / p8 + p22 - c0.6428312668189934 - c4.38132025144982 + p14 / p18 / p34 
2923,3.557984303505378,c3.6638824883057115 + p24 / p26 / p34 / p8 + p22 - c0.6428312668189934 - c4.38132025144982 + p14 / p18 / p34 * p33 
2924,3.267406516592493,c3.6638824883057115 + p24 / p26 / p34 + p22 - c0.6428312668189934 - c4.38132025144982 + p14 / p18 / p34 * p33 
2925,2.855980337395288,c0.348122520033074 / p12 / p26 / p34 / p18 - p13 / p29 + p26 
2926,3.284779318471507,c3.6638824883057115 + p24 / p26 / p34 + p22 - c0.6428312668189934 - c4.38132025144982 + p14 / p18 / p34 * p31 
2927,5.460992803628421,p17 - p18 / p8 / p33 
2928,11.136778303040408,p15 - c2.775919047489533 / p31 
2929,11.244328150076663,p17 - p18 / p8 
2930,13.13610512793399,c1.9088776313566203 / c1.2566538059998678 / p22 + c1.347740727028 - p5 / p14 + p6 - c4.993999427606448 / p28 / p17 / p28 / p6 * c3.696472672836453 
2931,4.221224844793054,p27 + c3.0054791932958604 / p25 * c0.5633601646737557 / p10 
2932,1.8072990208563904,p27 + c3.0054791932958604 / p25 / p10 * p10 / p14 
2933,6.949894967295482,p10 + c4.9206073943298225 / c3.355909724083636 / p30 
2934,4.2319364481512425,p5 + p8 / p4 
2935,4.933339832061015,p16 - c2.875975798177628 / p0 / p14 + c1.5638566869383546 / c0.8648851815782849 + c2.1810867603319446 - c4.423420000986609 
2936,10.664652469376874,p8 + p19 / p34 
2937,24.993036063927512,p34 - p29 + p18 - p1 / c4.213547789793643 
2938,2.318540147580457,p18 - p22 + p31 
2939,2.318540147580457,p18 - p22 + p31 
2940,3.2068074338387285,p14 - p9 + p26 
2941,4.977391451027685,p26 + p10 - p12 / p1 / p32 - p17 
2942,15.065139936286128,c4.891383165784864 - c4.455340721917365 / p20 / p2 / c3.3626843511076827 / p11 * c4.135783553833096 + p20 - c2.0102510174773345 - c3.90707647944822 / p33 + p3 / p2 - p11 / p1 
2943,6.426716446773802,p7 - c1.4834571616080472 + p20 / p22 
2944,8.31339401667575,c1.7941825280032764 + p11 / p18 / p23 - c4.999734668020615 + c2.07156646190489 + p8 
2945,2.054075032614155,p31 * p12 / p23 
2946,3.1020426561946848,p16 * p7 * p21 / p26 / p0 
2947,2.281284631726806,p7 * c1.4887188210509543 / p24 / p30 + p17 
2948,2.5763221701741426,p16 * p7 / p0 
2949,1.4932491769553706,p28 + p27 / p24 / p8 
2950,2.116345738213784,p26 / p5 * p12 
2951,3.0642152239632567,p23 / p0 * p21 
2952,3.1771087404403358,p22 + p2 * p11 / p4 / p33 
2953,6.544403389522632,p7 - c1.4834571616080472 + p20 / p30 
2954,1.8268287299838597,p27 * c4.9914003446783735 * c0.3021233536654727 / c3.093732844505263 / p14 / c1.6563901088018178 / c2.371028582181629 + p25 
2955,4.971637935766441,p18 * c1.5001942324629276 / c1.5752627891225863 
2956,10.09766614878083,p7 + p20 / p30 
2957,5.146926035891023,p11 + p6 - p17 + p5 - p20 
2958,3.080893422115724,p11 + p25 - p30 
2959,4.351864598522175,p20 / p19 + p0 
2960,2.2672444811864145,p22 * p11 / p16 
2961,2.2672444811864145,p22 * p11 / p16 
2962,25.30914807599163,c2.7737134086524846 - c0.3411374692104291 + p11 
2963,25.30914807599163,c2.7737134086524846 - c0.3411374692104291 + p11 
2964,23.353271465338548,p1 / p22 - p23 / p23 / p21 + c1.6643758800821895 + p18 
2965,23.191814321919534,p17 * c2.947384337321543 - p5 * c3.1365905066159208 + p27 
2966,11.435297879543848,p6 + p18 / p8 
2967,2.1647237672516426,p26 + c0.13589665998565592 / p25 
2968,2.1647237672516426,p26 + c0.13589665998565592 / p25 
2969,1.979909755322562,p26 + c0.13589665998565592 / p25 / p8 
2970,2.164633711940662,p26 + c0.13589665998565592 / p8 
2971,2.164633711940662,p26 + c0.13589665998565592 / p8 
2972,8.8494588752097,p5 / c4.156096922378999 / p26 / c4.027581109236934 / c3.970678195237749 + p1 / p28 * p16 - c0.8244519524964933 
2973,1.361214611328632,p10 / c4.022712586909947 / p29 + p32 
2974,13.127137719879428,p13 / p25 * p25 / p12 + p0 + c0.26732167232526416 - p16 + p2 
2975,2.2964544879924853,p17 + c0.14530569149008632 / c4.231786555866867 / c2.36049848736792 
2976,10.324970876536565,p2 / p13 + p18 
2977,11.125520919199785,p26 / p30 + p31 
2978,10.820381827542612,c1.8741034229509967 / p3 + p8 - c4.5174939376937315 - c2.1221939528936273 + c2.952514648854865 + p34 * c1.973088099321183 / p34 
2979,12.928764972704371,p2 - p12 + c0.7509643098950741 - c0.5659874170790935 + p26 + p2 / p28 
2980,33.580001456925174,p0 - p10 / c4.4142093431845435 - p26 + p3 - p33 / p28 
2981,10.463291330595808,p15 + p0 / p26 
2982,3.943319151569643,p15 + p0 / p9 
2983,3.943319151569643,p15 + p0 / p9 
2984,2.3138682819565526,p15 + p0 / p9 / p12 
2985,3.3073869625368344,p25 + p7 - p26 
2986,2.227058796231156,c0.14530569149008632 / c4.231786555866867 * c3.997877439786737 + p30 
2987,2.7271639755766497,c0.14530569149008632 / c4.231786555866867 * c3.997877439786737 + p30 - p7 / c2.9163326853935168 / p5 
2988,2.490224300421504,p10 - c0.6478674725148953 / p14 / c4.676244002506279 / p19 / p8 / c4.181565922501068 * p6 
2989,4.440423762608674,c0.4855750726444086 - p2 / p17 + c0.07877540687775964 * p28 / p12 + p26 
2990,2.3107016157797795,p1 / p1 * p16 + p19 - p19 
2991,8.192249549961847,c4.027581109236934 / p1 / p28 * p16 - c0.8244519524964933 - p14 + p14 - p10 / p8 + p30 
2992,8.220338502579578,c4.027581109236934 / p1 / p28 * p16 - c0.8244519524964933 - p14 + p14 - p10 / p8 + p30 - p5 / p1 / p6 
2993,2.170160921009746,p18 / p0 / p4 * c1.3121899355074274 + p25 + p33 - p27 * p11 / p0 
2994,2.8647201689363944,p2 / p3 * p17 
2995,3.466893408552381,p32 - p10 / p2 + p5 + c2.256020818877449 - p17 - p0 / p2 
2996,2.37790505708414,p18 - p2 + p5 
2997,6.609838973319499,p21 / p15 - c1.6156327658199432 / c3.595264596846105 + p8 
2998,10.781819504023444,p10 / p17 + p10 
2999,9.822526380611082,p10 / p17 + p10 - c1.9276393763327238 
3000,2.7024690120662536,p25 / p12 * p25 
3001,2.3289386742664937,p25 / p12 * p2 
3002,2.0733848432746105,p18 + p23 / p14 / p0 
3003,2.3289386742664937,p25 / p12 * p2 
3004,2.1533091534623034,p25 / p12 * p15 
3005,2.5641550117286203,p21 - p6 + p20 
3006,1.9348063852526085,p23 - c0.12556901184709035 * c0.4550989686914597 
3007,2.600590937116302,p22 + c3.2216413491646727 * c3.238731012031955 / p14 
3008,61.66951234424033,c3.9995669176119146 + c0.9577368488275234 - p30 / c2.3421590410368958 * c1.3862331758078783 + p22 
3009,7.432894686837047,p27 - c0.0530299299423298 / c2.4272399369145186 * p12 * p34 / p33 / p13 
3010,2.362970018793651,p32 - c1.0072765842895421 - p17 - c0.18609832983839225 + p31 / p8 + p16 
3011,7.506546781340598,p27 - c0.0530299299423298 / c2.4272399369145186 * p12 * p34 / p13 / p22 
3012,6.173948346137478,c3.202743141122561 - p23 * c1.5354471686018005 / p19 - c4.3486294074376755 + p28 - p10 - p6 / c3.5454320014490333 / p2 + p20 + c3.5255862472853456 - c1.700951811815798 
3013,9.26592103943256,p21 + c2.119480807106653 / p2 
3014,8.033905818156061,p15 + c4.95462677190276 / p29 / p6 / p28 + p8 / p18 / c1.3927967237479026 
3015,9.26592103943256,p21 + c2.119480807106653 / p2 
3016,3.522825214228474,p18 + c2.2595390192013003 * c0.6922408810122782 * c0.1547306434769291 
3017,4.122678717232118,p0 / p15 * p1 
3018,9.591387382993275,c0.29732080841894215 + c0.7063274349597748 + p27 
3019,9.591387382993275,c0.29732080841894215 + c0.7063274349597748 + p27 
3020,2.6951651969908506,c2.119480807106653 / p2 / p6 / p0 / p18 / p29 + p3 
3021,5.275869606158385,p21 / p15 * p2 - c2.0638878441588746 - c2.070300571967726 + c3.7215411534293614 
3022,3.2204897372937045,c2.666724895363963 * p20 / p5 / c2.750663163746731 * p11 
3023,5.538369337674419,p8 / p5 / p28 / c1.9303184551735626 - c0.24362575715655643 / c4.857783385441238 * p0 + p13 
3024,3.427610765316633,p23 + p10 - p32 
3025,3.427610765316633,p23 + p10 - p32 
3026,2.74262298226848,p32 * p26 / p32 - p2 + p10 
3027,2.517377836780566,p10 + p17 / p3 - p20 / p15 
3028,10.320855781975348,p20 + p22 / p15 
3029,9.83711819875106,p10 + p17 / p3 - p20 / p24 
3030,5.798628769409215,p21 * p13 / p33 + c0.1757138543145259 * c1.830881554120437 
3031,10.130401139275852,p17 / p3 - p20 / p24 + p6 
3032,3.846909286517736,p17 - p26 + p18 * p8 / p0 
3033,7.860597322999937,p17 / p3 + p6 - c2.5383960974717255 + c2.1724125966041608 
3034,2.6012093597965777,p20 + p22 - p7 
3035,2.533488699518756,p13 * p8 / p6 
3036,2.533488699518756,p13 * p8 / p6 
3037,5.456791020001892,p5 * c2.03145717026533 - p25 
3038,2.657007910529751,p1 * c0.18951772165944847 / p19 + p7 
3039,2.621719386446426,p23 + p23 - p10 
3040,10.17175570484739,p18 / p0 + p2 
3041,2.418817312731515,p23 + p23 - p10 / p10 * p17 
3042,5.855324644289752,p23 + p23 - p10 / p10 / p22 - p33 
3043,11.378487020443592,p16 + p31 / p28 
3044,3.432912961998609,p7 * p29 / p19 
3045,4.544402566085744,p11 - p10 + c3.1743899716754993 / c4.526631516079635 / p27 + p2 
3046,2.3391154613230656,p16 + p2 / p24 / p26 / p1 
3047,6.567757768568866,p16 + p2 / p26 / p1 + p9 - p31 / p13 - p9 
3048,10.416884263100147,p18 - p32 / p17 
3049,2.583279948746384,p18 - p14 / p23 / c3.8171642597095468 / p29 
3050,4.25922810203726,p18 - p32 / p17 * p22 + p13 
3051,8.04916853858111,c2.5177323026902383 + p20 - c3.2686431798714084 
3052,7.192519756740613,p5 - p27 / c1.5799131896440188 / p31 
3053,50.522485695092776,p18 / p2 + p13 - c3.718406589996567 - c3.3341844112665426 / c1.3954868179664963 
3054,16.747567615960236,p18 / p2 + p13 - c3.718406589996567 / c1.3954868179664963 
3055,2.0114434636869407,c1.1567894490518045 / p12 * c0.2131018227440351 / p13 + p23 
3056,2.8601857803901263,p15 + p26 / p33 / p0 / c3.9786332268848796 * p17 / c1.9555376649364287 
3057,5.065726256494004,p34 / p29 / p23 * c0.9920270178245871 + p26 
3058,8.51255106241218,p8 + p26 + p28 / p32 / c1.6100232381760633 - p17 
3059,6.541851962354627,p28 / p11 + p31 - c1.9074470087003896 / c4.298149816225553 
3060,7.273914860917424,p28 / p11 + p31 - c1.9074470087003896 / c4.298149816225553 / c0.25153840162252805 
3061,1.682793185734422,p1 / p1 - c3.841554078628784 + c1.2506502883245574 / c0.3923858274783065 - c0.7999697290339713 * c0.5112084507211145 + p30 
3062,4.4364599386234165,p1 - c0.3923858274783065 + p30 - p17 
3063,5.70412040521004,p18 / p2 - c1.3954868179664963 / p20 + p18 
3064,3.233190559264247,c2.099023912282914 / c2.947816085311257 * c0.36456132071123193 / p26 * p0 + p22 
3065,15.463351654489932,c0.9461561350587544 / c0.04704120519849919 / c0.8342558302538389 / p34 * c0.9946228342651497 / p27 + c1.375494842194691 - c2.834648649606488 / p4 + p26 
3066,4.652773493056232,p6 + c0.20446208370769492 * c1.3087459218782604 
3067,10.677641252784111,p15 / p30 + p8 
3068,22.54613855040773,p5 - p0 / p10 * c2.1634063464883386 * p7 / p8 - p31 / p4 / c2.530624852857206 * c0.926032224496785 
3069,3.9083367944223566,p2 / p7 - p19 / p19 - c0.2485525187093146 / c1.9456625064564954 / p3 * c4.69829374222301 + p22 
3070,5.519129582618552,p16 + c4.506480624286558 - c1.8580071070429764 * c2.212725438741617 
3071,10.293058619531513,p23 - p18 / p5 
3072,1.9074855007102336,p22 + p33 * p28 / p23 - p23 
3073,2.944772541733146,p8 / p22 * p26 
3074,3.192759860313643,p26 - p23 / p31 * p7 + p10 
3075,2.474099289029288,p16 - p20 - p18 + p13 + p22 
3076,1.8270023868044696,p27 - c0.8899748252347628 / p27 / p4 
3077,25.865914809532736,c1.7189141918808142 + p2 + c2.554743900321192 / p25 
3078,5.085985910170143,p7 - c2.8913522886964045 / c3.6206526222123907 / p33 
3079,1.9884270299096256,p16 - p18 + p22 
3080,2.936455203260116,p15 / p2 / p31 / p13 + p30 
3081,10.868410940857336,p6 - c4.5255400702831 / p22 + c2.260689601548158 
3082,3.121374179707205,p16 - p18 + p22 / p29 / p3 + p5 
3083,2.989752828772833,p30 * c0.4868594273102572 / p14 + p8 
3084,7.282831859236735,c3.5725760822174433 / p11 / p15 + p25 - p23 * p23 * c1.9205011509049807 / p15 / p17 / p9 / p22 * c3.4113063415036855 
3085,7.20815389382379,p17 - p29 - c2.382242320366113 + p29 + c3.092601276831867 
3086,1.8618705382672205,p22 / p19 / c2.0576766257320585 * p31 / p25 * c0.33271413891855617 + p23 
3087,2.325900979938865,p15 + c1.3036842940498494 / p34 
3088,44.26093720665503,c1.6033554396366863 / c1.3714750539293963 + p8 + c4.221083691715896 / p7 / p16 / p9 * p7 * c4.01752308018722 * p4 / p32 * p23 - c2.5807913756838574 - c1.1437380313720165 
3089,10.40979685009536,p15 - p18 / p3 * p20 / p16 
3090,3.1253123350719303,c3.0209332227806556 - c2.772720435949933 * p1 / p10 + p25 
3091,7.836647365906139,p15 + p34 - p14 
3092,3.039250085750236,p2 - p11 + p8 * p28 / p13 
3093,4.383512670715006,p15 + p12 - p31 
3094,4.9357689209876,p2 - p11 + p8 * p13 / p33 
3095,3.880897452143228,p6 - c0.13358793148891546 + p16 - p26 
3096,4.0600056157976825,p10 + p12 * p31 / p5 / p14 
3097,7.044870550696025,p33 + c0.8447046230337901 * c3.9376046009673784 / p34 * c4.2801375699821955 * c2.126680080724215 - c2.403637118980106 / p28 + c0.43267200085719604 * c1.7061072463891942 
3098,2.912473505020162,p16 * p11 / p13 
3099,3.021769323625122,p15 - p0 + p16 
3100,5.9218163539578965,c1.4123769169796803 / p8 + p25 - p25 - c4.629169940979148 / p14 + p20 
3101,2.313266386520255,p13 + p2 / p14 / p8 
3102,9.899633432181933,c3.599862471376842 - c2.4399376890675226 - c0.24050215611642778 + p8 
3103,3.1647272869000265,p31 + p23 - p7 - p1 / p9 
3104,4.712789288157918,p6 - c2.717418836475631 - p30 / p31 - p12 + p2 + c3.3955330199779703 
3105,1.4410588432180904,p34 - p34 + p28 
3106,4.192219344017756,p6 - c0.7738423696323543 / c0.9791704435155862 / c1.4818591640807028 / p1 / p1 / c3.9110730251272763 - p27 + p15 
3107,16.07809592191569,p6 - p26 * p13 / p4 / p2 - p4 * p26 / p21 + p29 
3108,56.8069761299551,c3.445163544537097 + p27 - p15 / p32 + c3.4030331885307765 
3109,3.2340752479897947,p10 / p8 * p15 - p21 + p28 + p1 / p14 
3110,1.8497149881809547,p8 * p32 / p3 
3111,1.8497149881809547,p8 * p32 / p3 
3112,2.285338340208643,p3 * p21 / p11 
3113,1.8497149881809547,p8 * p32 / p3 
3114,2.44533798598793,p8 * p32 / p16 
3115,2.285338340208643,p3 * p21 / p11 
3116,31.54689580246548,p3 / p13 - c4.244828342135837 + p1 
3117,6.539112298501582,c1.348126295800608 / p1 + p2 
3118,1.8161639902937392,p11 - p13 - p8 / p19 / p33 + p30 
3119,8.014282141350693,p6 - p26 / p4 / p2 - p26 / p21 / c1.2944913252305967 / c2.204294287449729 * c2.156240661886491 
3120,3.287450898498154,p30 / p25 / p22 * p20 * p6 
3121,1.4061768572542297,p31 - c2.230344472658341 / p4 
3122,2.376204096512304,p17 - p5 * c3.4980842662990907 / c4.425676227429256 + p30 - p20 * c1.1925407994063741 + p22 
3123,3.382155802436124,p8 * p0 / p15 
3124,2.608449430192904,p17 * p25 / p3 
3125,4.4261273310731495,p6 - p26 / p4 - p26 / p21 / c1.2944913252305967 / c2.156240661886491 / p12 * p6 / p1 * c1.0622243288770816 
3126,5.877001212381405,p6 - p26 / p4 - p26 / p21 / c1.2944913252305967 / p12 * p6 / p1 * c1.0622243288770816 
3127,9.460315835452002,p17 - c2.182279219141306 / p1 
3128,5.560758159652146,p17 - c2.182279219141306 / p1 * p33 / p2 / c2.1265649993370865 
3129,1.6520638485613828,p31 + p6 / c4.940048968801683 / c4.5251913054785184 / c4.82145378347728 / c3.5578028883961594 
3130,12.668592191775671,p23 / p28 / p27 / p26 + c0.4882974993393613 * p7 / p34 - c0.2555973406924661 * p26 / p33 + c1.181849501975372 + p18 
3131,14.420577097730677,p23 / p27 / p26 + c0.4882974993393613 * p7 / p34 - c0.2555973406924661 * p26 / p33 + c1.181849501975372 + p18 
3132,1.4880859369720485,p6 / p4 / c1.2944913252305967 / p1 * c1.0622243288770816 + p32 / p17 * p18 
3133,2.93676255934094,p3 * p28 / p16 - p13 + p8 
3134,4.217429938567141,p13 - p28 + p1 
3135,3.8145167161475793,p13 - p28 / p34 
3136,2.749274877790881,p33 / p28 * p1 
3137,3.699805503927714,p3 / p12 / p28 / c2.0809491181952193 + p8 
3138,2.3247711201182297,p10 * p23 / p16 
3139,2.3403409595987137,p5 + p27 - p13 
3140,2.0648501581566334,p28 * p16 / p26 - c3.682922701644942 / p19 / p12 
3141,9.83185760542717,c4.211045462394956 + p15 / c1.3402765949664064 * p21 / p8 + p13 / p9 - c0.14576115261653644 * p21 / p24 - c4.03778273807435 + p33 / c3.3241132494427976 
3142,10.569737635986431,p32 * p2 / p25 / p31 + p0 
3143,3.684467338621223,c0.5263126127481599 / c3.0671709381298395 + p0 
3144,3.684467338621223,c0.5263126127481599 / c3.0671709381298395 + p0 
3145,2.746968380255141,p11 + c0.9643756462447794 / p1 * p23 / c2.8341972111068077 - p17 / p15 / c3.4271407722963687 
3146,3.3561955231365648,c0.5263126127481599 / c3.0671709381298395 + p23 - p15 + p11 
3147,3.530024901753617,p11 / p32 + c2.119319208464339 - c2.8533320133462334 + p22 
3148,1.8302216463481105,p8 * p32 / p2 
3149,39.55566852214687,p16 - c2.7358054178089923 + c1.577311689605731 + c0.4932042498306233 + p18 / c1.3838731270361841 - p25 / c3.6682135253311254 
3150,1.4689402176214152,p31 + p33 / p13 - p31 / p23 
3151,4.977082150217975,p16 - c2.7358054178089923 + c1.577311689605731 + c0.4932042498306233 + p18 / p25 
3152,1.7607937512763774,p22 * p23 / p22 
3153,4.660297567835186,c0.17263960773700016 * c3.6279053378640076 / p0 * c1.6148366181184053 + p23 - c0.7809616456536478 
3154,2.363749712660107,p26 * p0 / p8 
3155,3.512598627150086,p26 * p0 / p27 
3156,16.317125205337117,p1 - c0.35748197679063787 * p34 * c1.530018339720297 / c4.164019695469631 / p7 / c4.564711483769754 + c3.463569560809934 + c4.061666299605516 - c3.9454961655295357 / c0.4736274315132216 
3157,2.390356685536636,p10 / p5 * p21 
3158,31.178905910008147,p25 + c4.274152415182578 * p5 / c4.929463679210502 * c0.3019716344139173 - p7 / p12 * c3.0545436486298443 
3159,5.225502721557096,p1 + p28 - p30 - c0.4308092679097142 
3160,8.91730870121117,p32 + c4.5751837277262 + c2.426334229410836 / p6 - c4.585207007976195 
3161,3.654313613385424,p10 / p5 * p21 / p14 + p23 
3162,3.627449113329184,p10 / p14 + p23 
3163,7.623116429839587,p11 + c0.18484927046425736 * c3.2878868027696226 
3164,7.623116429839587,p11 + c0.18484927046425736 * c3.2878868027696226 
3165,4.324161727825343,p11 + c0.18484927046425736 * c3.2878868027696226 / p5 
3166,7.582841509944258,p11 + c0.18484927046425736 * c3.2878868027696226 / p5 * c2.570887567801974 
3167,9.93861013457314,p26 / p3 + p17 
3168,4.911995763759448,p25 + p21 / p7 / p27 
3169,1.7602373826741595,p24 * p25 / p24 
3170,1.7602373826741595,p24 * p25 / p24 
3171,1.7602373826741595,p24 * p25 / p24 
3172,11.25685920877116,p11 / p32 + p31 
3173,9.613750359912965,p22 + p2 * p21 / p25 / p26 
3174,4.43673984593488,p11 * p16 / p27 
3175,2.9638947707837096,c0.32003919509289935 + p23 - c0.1281356083092905 + c0.42583255186691427 / p34 
3176,4.43673984593488,p11 * p16 / p27 
3177,3.1731808620989383,c0.32003919509289935 - c0.1281356083092905 + c0.42583255186691427 / p34 + p18 
3178,2.9515220760504737,p27 + p3 / p14 
3179,2.9515220760504737,p27 + p3 / p14 
3180,2.9515220760504737,p27 + p3 / p14 
3181,1.760793751276379,p3 + p23 - p3 
3182,1.760793751276379,p3 + p23 - p3 
3183,1.492866915605444,p15 / p10 / p14 + p30 
3184,7.84321933489403,p23 + c1.0259392373742742 - c0.28621598226262424 
3185,2.502099222966854,p15 / p10 / p14 + p12 
3186,14.068521885495125,c3.8666648773789465 / c2.767990734248589 / c3.2269479319794314 * c4.532476073618838 * p11 - p29 / p33 * p31 * p13 / p9 + c3.126225479377767 / p9 / c4.376757618227772 - p25 / p30 
3187,3.624872800489397,p1 - p27 / p33 * p8 / p29 
3188,2.9062862958809967,p1 - p27 / p8 / p29 
3189,16.924177081318117,p1 - p27 / p8 / p29 + c1.5801707291724836 
3190,2.5163590972268,p23 - c2.543345086714056 / c4.355363762111686 / p27 / p11 
3191,1.9043053600811528,p23 - c2.543345086714056 / c4.355363762111686 / p11 / p1 / c3.449549268811771 
3192,2.9043484221038107,p1 - p8 / p29 / p0 
3193,2.453503285480148,p32 / p11 * p3 
3194,10.178412884836884,p1 - p8 / p0 
3195,3.385453386564313,p3 - c0.023159607663884585 * p7 
3196,6.343575157926824,p1 - p8 / p0 + c2.852320716352744 / p15 
3197,15.010716360939922,p28 + p2 / c2.91310379304885 / c2.2658043702908337 
3198,2.3844970635500413,p1 - p0 + p20 
3199,1.081140085638867,p33 + p17 / p12 / p29 
3200,2.2720090633488903,p16 + c2.199157306609302 - c2.244701063080829 
3201,9.886178287752903,c2.6231584288713874 / p21 + p27 - c0.563730557986929 / p0 / p4 
3202,18.950068490360028,c3.027851771549784 / p13 - p7 / p0 + p5 + p9 / p34 / p34 + p1 + c1.5122618408687032 - p12 
3203,14.272593984918538,c0.6350818650588186 - c4.535289909092071 + p6 - p19 / p34 + p30 / p3 / c1.3165677701978706 * c4.526742107634785 
3204,22.81747897279025,c0.47193135119194096 / c0.9222140733424689 + c0.8421359769370718 + p18 + c3.7038865501849316 * c0.24989311909381307 
3205,2.0716137075245133,p6 - p6 + p21 
3206,26.96727931034876,c0.32003919509289935 * p25 - p5 / p3 + p31 
3207,17.186592508953172,p31 - p15 - c1.8539010785344245 + p1 
3208,8.320194801124831,c1.2955584796770108 * c1.7148807503023393 / p13 / p23 * c2.1656770245104644 / p8 + p8 + c0.21056913401872768 
3209,2.892921510993451,p18 / p16 * p0 
3210,9.469900429466035,p6 + p30 / c4.526742107634785 / c2.6578488545357315 
3211,2.3207873141669126,p26 / p16 * p7 
3212,3.041317637657908,c0.08359396136073616 - p2 + p3 + p13 
3213,25.55835212389807,c1.2955584796770108 * c1.7148807503023393 / p13 / p23 * c2.1656770245104644 / p8 + p8 + c0.6609689201296587 * c3.1184126022715555 
3214,10.835131195534958,c2.7621689035266956 / p3 + p23 
3215,9.037860882400537,p8 + p15 - p14 * p12 / p14 / c0.5176400324509056 + p0 
3216,2.295508860217912,p15 / p31 * p33 
3217,2.5033845955234635,p12 + p30 / p19 / c1.2819252639996277 / p17 
3218,2.3404507230502367,p26 * p30 / p11 
3219,2.518206799588775,p12 + p30 / p19 / c1.2819252639996277 / p17 / p12 / p26 
3220,1.7967742147786296,p26 / p26 * p27 
3221,21.323633807789136,p12 + p30 / p19 / p17 / p12 / p26 + c2.1983491886640136 
3222,7.690837905264567,p14 + c0.7625356191741539 - p29 + p6 - p0 / p3 
3223,22.27912605921586,c0.7273431192270036 * p6 + p13 / p8 
3224,6.863491470215245,p19 - p4 + p7 
3225,5.519438875416814,p31 + c3.280687482248209 / c1.8985981169528021 / c1.471290597497591 / p32 
3226,3.8970713659279697,p23 + p13 / p1 / c3.1989926967540843 
3227,2.577061871670548,p15 * p7 / p5 
3228,2.577061871670548,p15 * p7 / p5 
3229,20.15452768299532,p26 * p27 / c2.3774303827798744 / p4 / c3.5246655011071253 + p25 
3230,3.5277757255191102,p17 + p5 / p16 / c1.7741382562872277 / p26 
3231,5.38135050995333,p22 + p10 - p16 + p21 + p18 * p11 / c0.8427250456104773 / p12 * c0.2869124922472138 / p32 + p10 - p33 - p5 
3232,12.033227692010662,p17 + p5 / c1.7741382562872277 / p26 + c0.6778029779028499 
3233,8.234866791663183,p17 + p5 / c1.7741382562872277 / p26 + c0.6778029779028499 / p15 
3234,4.384545996229211,p25 + p31 - p26 - p14 / c2.539328538572973 / p24 
3235,1.777439806805276,p25 + p26 / c2.539328538572973 / p24 / p1 
3236,2.4697057307805763,p6 / p11 * p13 
3237,2.222401022819791,p28 - p12 / p3 / p20 / p5 / p28 
3238,9.22648732742223,c3.771490060559186 / c4.721470431294909 + p21 
3239,2.306341966885156,p15 + c0.8948542097301676 * p32 / p29 / p13 
3240,9.442808396065006,p15 + c0.8948542097301676 * p32 / p13 
3241,2.730867322546264,p30 / p17 * p6 - c0.05921241180857073 / p15 
3242,4.2889793647481405,c2.5044139054592014 - c2.0847042379035354 * p12 / p8 + p32 
3243,4.166672144745098,p12 / p20 / p28 + p33 
3244,3.94263761561609,p21 * p3 / p11 + p6 - p28 
3245,1.8747572142617293,p6 - p5 + p28 
3246,2.3603050184912164,p15 - p10 / p23 / p15 * c1.0579499520218612 / c3.0032394431404255 * p23 * c1.4762204008052449 / p3 / p18 / p32 / c2.4327916095512196 
3247,3.0702653898681747,p15 + c0.8948542097301676 / p13 - c0.5409109909686516 / p12 
3248,4.619346277512449,p15 - p23 / p15 * c1.0579499520218612 / c3.0032394431404255 * p23 * c1.4762204008052449 / p18 / c0.6176036235297555 / p16 
3249,2.285108973732302,p26 - p21 + p8 / p22 * p33 
3250,2.5392856591589763,p15 - p23 / p15 / c3.0032394431404255 * c0.6176036235297555 / c2.51824599042932 
3251,2.2832444755329067,p15 - c0.5409109909686516 / p12 / p9 
3252,2.2904248355598265,p15 - c0.5409109909686516 / p9 
3253,11.72397707611892,p8 + c1.113908798603227 * p17 / p12 
3254,1.8315080063260016,p3 - p6 + p28 
3255,2.1113826620682263,p0 + p26 - p3 
3256,1.6130093380916404,p19 / p24 / p24 + p31 
3257,3.4342329469711017,p0 + p26 - p27 
3258,2.816538476737103,p8 + p12 * p20 / c2.6634823617766195 / p16 / p29 
3259,3.235153930102537,p15 - p17 + p11 
3260,24.313076447375025,p15 - p17 + p11 - c2.574527869805116 
3261,2.266928096675227,p32 - p27 + p8 
3262,16.398319026843307,c4.099933133018797 / p18 + p11 
3263,16.398319026843307,c4.099933133018797 / p18 + p11 
3264,2.7448730349228705,p6 - p25 / c2.207110994983637 / p24 
3265,8.0257722975642,p29 + p21 - p1 - p14 + p18 + c4.960312294508814 / c4.804503607563007 / p25 * p8 - c1.26996987791135 
3266,6.00809414693797,c3.0372006029757626 / c4.7331669630643045 - c4.200296253807773 / p4 + p17 
3267,10.083363824313851,p2 / p20 + p30 
3268,5.615323562203502,p21 + p6 - p2 + p25 - p27 - p13 / c1.9275507924503947 / p26 
3269,86.78357843698853,p25 / p28 - c4.117712481969661 + p30 * c3.5161330872369563 / c1.7036558781865634 
3270,10.443659972140289,p1 / c1.9979561440298355 * p19 * c1.1744541774654083 / p15 / p9 - p3 + c1.9020969212880052 * p7 
3271,9.605968694938758,p26 - p21 + p27 + p32 / p27 
3272,10.10254944344345,c2.758683406991071 - c4.894482768522053 + c3.0252294420536603 + p21 
3273,2.3750080503089173,p21 + p27 - p10 
3274,23.028089243997023,p6 - c1.84379293497819 - c1.054331451093486 / p6 * c1.3817027699859774 
3275,5.020218654331259,c4.741261267239664 + p1 - c1.5923014576032213 + c1.5015358504996845 / p20 - c3.527191520777353 
3276,1.5429739963200195,p33 + p31 - p28 / p25 / p24 - p8 - p31 + p3 
3277,44.346246202723215,c3.0252294420536603 + p21 - p27 / c4.27252901884547 + c2.3633787831657544 
3278,38.97837612204979,p12 + p17 * c4.062181966540551 / p10 
3279,2.489640075870983,p6 * p25 / p21 
3280,1.9390876351227944,p27 - c3.1292185189537225 / c0.651815020414982 / c3.6482532927292195 / p24 
3281,5.217778801878691,p17 / p11 / p33 + p21 
3282,16.990374846859527,p25 / p24 * c0.7015419383831389 + p5 - c1.7799726682743555 
3283,2.3635265186128627,p30 + p15 - p0 
3284,2.6894080729345013,p17 / p11 * p1 
3285,2.552819538880616,p25 * p26 / p6 
3286,16.083054102355433,p30 + c4.335684119163727 / p12 * p13 / p1 
3287,24.18674352059317,c4.200296253807773 / p6 / p11 / c4.578216212369425 + c2.23765816076466 + p5 
3288,5.942239633722871,p15 + p20 * c3.2467042887572384 / p30 / p7 * c1.0407198187088946 / c2.798134320517778 - p2 / p14 * c4.097856076627879 / c4.328356885708264 / p4 
3289,39.1896953146577,p20 - p20 - c3.8443840969241236 + p12 
3290,2.516411074233441,p20 - p20 + p12 
3291,10.436723176130158,p20 + p12 / p17 - p7 + p32 
3292,15.568927436513388,p25 * c4.514373168310551 - c3.3365772172353703 * p6 
3293,40.852894227318174,p0 + c2.091015909450016 + c4.400841291222608 / p1 * c2.9070906255046953 - c2.704692978342634 
3294,10.321723545122108,p20 + p7 / p5 
3295,12.684414652541795,p20 * c3.2467042887572384 / p7 / c2.798134320517778 - p2 / p14 * c4.097856076627879 / c4.328356885708264 / p4 / p32 * p8 + p26 
3296,1.804185168851432,p20 * c3.2467042887572384 / p7 / c2.798134320517778 / p14 * c4.097856076627879 / c4.328356885708264 / p4 / p32 * p8 + p26 
3297,1.020024627735295,p33 + p0 / p27 / p24 / c4.21720433656655 / p19 / p33 / p23 * p9 
3298,4.46902325670246,p27 + c0.9800482608815586 / p3 
3299,14.32488659513648,c1.4206219488187783 - c2.256224656368661 / p4 * c4.3810787361958 / p19 + p25 
3300,6.58492762631751,c1.4206219488187783 - c2.256224656368661 / p4 * c4.3810787361958 / p19 + p25 - c0.9792826043123337 / p27 * c3.159752997599189 
3301,5.898997997170511,p12 + p15 / p16 - p27 / p23 / p12 - p13 / p7 / c0.3809789704090166 / c2.6080013431242914 
3302,3.4581230837687467,p27 + p3 - p33 
3303,9.667264248162148,p30 / c4.619153472088538 + p27 / p4 + p32 / c1.50600993569041 
3304,5.357389494696503,p10 + p10 / p28 - c0.5871777903804798 
3305,4.030087019438763,c3.2467042887572384 / p7 * c4.097856076627879 / p4 + p0 + p12 / p6 / p30 / p21 / p0 
3306,2.6958910136649283,p8 + c0.0030426043551540216 - p1 + p27 
3307,10.80973622191069,p8 + c0.0030426043551540216 - p1 / p22 
3308,4.438760044967737,p21 + p8 / p29 
3309,3.2592502285973817,p33 - p31 / p34 
3310,1.7808837146326553,p31 * p25 / p16 
3311,35.19400695284203,c0.0030426043551540216 / p9 + p28 + c3.5473872102230852 
3312,2.2792187472367846,p25 - c1.3865460909034106 / c3.8809912925412373 / c3.169648365080333 
3313,36.41779449237784,c1.5094595161301165 * c4.138986825646434 * c1.2347996750897798 / c1.9502798318817838 + p32 - c1.4219378110181276 / c1.3875662057112232 / p31 / p15 
3314,9.537054070228484,p2 / p20 - p27 - c4.970340743057994 + c2.6773105153099284 * c1.6506213525434787 + p33 + c0.9548104494788667 / p13 + p0 
3315,9.53519386142546,p20 / p29 / c4.854830020866832 - p27 / p1 + p28 
3316,5.181372092148322,p25 - p3 / p18 / p5 / c2.195918092221864 * p5 
3317,4.19021749520183,p8 + p12 - p31 - p18 + p32 
3318,13.846028843774386,p15 * p15 / p13 * c1.037788566046196 + p5 / p10 
3319,8.55936669989198,p23 - p7 + p26 - p34 + p14 
3320,1.457845927586116,p32 + c0.8667295730900954 * c0.027648241817695984 
3321,4.550012202468192,p8 - p18 * c0.5851278324777737 * c0.5691423607594281 / p1 
3322,3.150694769512961,c1.420513560616636 + p8 - c2.697050631440869 + p16 / p16 / c0.8888762108650589 
3323,2.5892486144268467,p32 + c0.027648241817695984 + p21 - p1 
3324,2.6045910454952903,p32 + p21 - p1 
3325,4.579374690016191,p8 - p31 + p10 
3326,4.59117713858062,p11 / p28 * p6 
3327,48.263036584837,p25 - c0.7586013947926995 + p0 / p14 * c2.601892587599917 + c4.518454637111493 + p26 / p4 
3328,10.128602357622448,p11 + p2 / p17 - p5 / p29 
3329,23.884406162001664,p30 + c2.8704478451237083 * c0.8363598650293741 
3330,14.139851813735929,p32 / p31 - p27 + p22 * c2.0007054515006635 / p25 * p17 / p17 * c1.4126102853929678 / c0.8091110526629197 + p23 + p5 - c3.164386885193487 * p11 / p1 
3331,2.881831432756919,p11 + p21 - p18 
3332,17.315681663367,p2 - p30 + p25 + p5 / p5 - c2.5878294566479565 
3333,3.777081307542094,p2 - p30 + p25 + p5 / p5 - c2.5878294566479565 / c3.0746824934611627 
3334,2.7922341609389423,p17 - c4.9363335236805455 / p4 
3335,2.7922341609389423,p17 - c4.9363335236805455 / p4 
3336,3.872547386853278,p29 + p8 - p32 + p32 - p24 
3337,9.889384025592465,p11 * c2.9142231165883823 * p18 * c0.1006506013657632 / c4.779411115940077 / p12 + p19 / p4 / p22 + c0.0026197514262538135 + p33 
3338,10.458291117005956,p8 / p26 + p13 
3339,2.559184000791256,p11 + p18 / c3.108894926789383 / p9 / p15 
3340,8.151861215609292,p11 * c2.9142231165883823 * p18 * c0.1006506013657632 / c4.779411115940077 / p19 / p4 + c0.0026197514262538135 + c0.725977912739062 + p18 * p22 / p17 
3341,7.851064960938582,c2.9142231165883823 * c0.1006506013657632 / c4.779411115940077 / p19 / p4 + c0.725977912739062 + p18 * p22 / p17 
3342,2.9904759816333257,p33 / p8 + c0.09283614650608674 + p10 - c2.4515372847864336 / c2.5668321890173225 
3343,9.946194017295223,c2.5455363906649238 + p2 / p29 * c0.1532756565915766 / p34 - c3.909132847820973 + p32 + c2.421691067533141 
3344,10.233634672381244,p32 - p27 / p28 / c1.037711549071512 + c0.9524790829811097 * c1.9898365485613083 / c2.854761474963971 + c0.37935081637041623 - p31 / p20 
3345,2.7177000715091237,c0.1006506013657632 / p10 / c3.6782624643923256 + p5 
3346,3.898400020746287,p30 - c0.8172010412862019 / p13 
3347,8.959008671963149,p32 - p27 / p28 / c1.037711549071512 * c1.9898365485613083 / c2.854761474963971 + c0.37935081637041623 - p31 / p20 + c4.76709794848009 - c2.5160238942609565 
3348,8.723712442075824,p32 - p27 / p28 * c1.9898365485613083 / c2.854761474963971 + c0.37935081637041623 - p31 / p20 + c4.76709794848009 - c2.5160238942609565 
3349,10.716835967426576,p32 - p27 / p28 * c1.9898365485613083 / c2.854761474963971 + c0.37935081637041623 - p31 / p20 + c4.76709794848009 - c2.5160238942609565 - c1.8997474851646445 
3350,12.182896048654008,c3.0461523502226617 / p11 * p16 / p3 + p7 
3351,5.601486228672925,c0.4358473791372569 / c0.5417127386165188 * c0.5560274412823801 + p10 
3352,55.11406708646868,p32 - p27 / p28 * c1.9898365485613083 / c2.854761474963971 + c0.37935081637041623 - p31 / p20 + c4.76709794848009 - c2.5160238942609565 - c1.8997474851646445 - p15 / c0.6206216705210132 / c3.625781190212515 
3353,47.52393741191659,c3.5194760690428044 / c2.988934962808128 * c0.4455376652952664 * p10 
3354,57.451123507718826,c0.4358473791372569 * p18 + p2 - p30 
3355,47.52393741191659,c3.5194760690428044 / c2.988934962808128 * c0.4455376652952664 * p10 
3356,35.73583827587092,c4.872185839625111 + p23 + p4 / p24 - p27 / p30 * c2.302009491059638 
3357,45.1282081022779,c3.5194760690428044 / c2.988934962808128 * c0.4455376652952664 * p10 * c0.859778065790533 + p28 
3358,23.079863764256807,p3 - c3.654476756875487 / c1.5949704634113993 
3359,9.031951929219275,c3.778469960216357 / p17 - c0.9740406224960035 + p6 
3360,2.8341504275097478,p17 - c1.184318691624563 / p31 / c1.2091192548461187 / c4.478067534027412 
3361,11.493169245084172,c3.5194760690428044 / c2.988934962808128 * p10 * c0.859778065790533 + p28 / p1 
3362,3.060901389893748,p15 + c1.5678616740337703 / c4.548534432642686 / p5 
3363,4.401960885155548,p8 - p0 - p0 + p3 + p7 - p21 + p16 + c0.171385546877032 
3364,10.800166774867549,p2 / p24 + p25 + p8 / p27 - c1.6941171103981745 - c0.10156345857442795 * c4.4637647088061545 
3365,24.199166030318903,p12 + p16 + c0.7807848588623517 + p11 - p31 * p10 / p8 / p1 * c0.010328966399810735 / p20 + p22 - p20 * c3.293891081831455 
3366,17.31365317250752,p0 - c0.171385546877032 * p1 
3367,4.606895580161855,c0.859778065790533 / p25 + p26 
3368,8.191162356630285,p18 / c4.385352274444305 / p15 * c3.4044926766354573 + p25 
3369,24.060548585151484,c0.9232759114908579 + p33 * p5 / p8 + c3.5377303732062955 - c2.042751590165235 
3370,4.076917513470795,p33 - p32 / p1 / p11 
3371,2.8274634599019883,p31 + p5 - p26 - p1 + p6 / p20 * p17 
3372,2.572505956997895,p33 - p32 / p11 * p1 / p3 + p19 / p14 + c1.2026222889055305 - p15 / p20 
3373,7.767788280481837,p18 / p20 + p17 / p34 - c1.7203047949027106 + p17 
3374,23.22386095232824,p32 / p22 * p1 + c4.730006816633877 / c1.4601249805183847 * p27 / p8 - c4.631919746144649 * c2.3765883720235648 / p10 
3375,2.084181186545402,p22 + p34 / c3.3058056189522897 * c0.3071137677749963 / p29 / p12 / p22 
3376,10.658439358990082,p32 / p22 * p1 + c4.730006816633877 / p27 / p8 
3377,2.154175988310516,p30 + p10 - p17 
3378,11.150393763110644,p12 / p3 + p16 
3379,39.85260614152796,p20 - c0.6206289283730165 - c4.395743057817191 + p32 / p27 
3380,3.392362722428447,p17 / p28 * p16 
3381,3.5636487522452893,p20 - c0.6206289283730165 * c0.404790190301218 
3382,10.511605046234587,c0.35079175098041204 * c4.453650934644584 - c0.04835410428009779 - c3.5398065548362103 * p23 / p25 + p5 / p6 + p1 
3383,2.8803991384253647,p22 / c3.3058056189522897 * c0.3071137677749963 / p29 / p12 / p22 + p0 
3384,2.926250277074407,p22 / c0.3071137677749963 / p29 / p12 / p22 + p0 
3385,3.020035765586872,p22 / c0.3071137677749963 / p29 / p22 + p0 
3386,5.653660765788173,p0 + p28 / p11 / p23 
3387,1.6128998731591686,p31 + p13 / p19 / p30 
3388,20.905708880094267,p33 / c4.78864930345067 + p18 
3389,1.4783955848162853,c0.3071137677749963 / p29 / p22 * c3.177824066459842 + p32 
3390,26.561972537237533,p0 / p11 / p23 + p31 - p2 / p6 + c3.9426335749278536 * p18 * c2.007191219038903 / p14 - p23 / p26 
3391,5.8999537532203545,p24 / p15 * p25 * c0.006790669015508954 + p10 
3392,3.012786059231269,p32 / p26 + p7 - c0.8431292400206869 
3393,9.45742760362928,c4.647211650802559 / p13 / p11 + p25 
3394,2.4904688534207864,p8 + p24 - p24 
3395,34.150885712315635,c3.3121177822836327 + p32 / p20 / p19 + p10 * p18 / c2.2812009461521194 * p25 / p13 / p11 / p4 / c0.021577232213748077 / p34 / p33 + p31 
3396,2.6052487094347296,p32 + p33 - p10 
3397,32.44630254459084,c4.647211650802559 / p13 / p25 + c2.330591929859165 + p21 
3398,1.6891205911494127,p32 / p20 / p19 + p10 * p18 / c2.2812009461521194 * p25 / p13 / p11 / p4 / c0.021577232213748077 / p34 / p33 + p31 
3399,1.6796112217913803,p32 / p20 / p19 + p10 * c2.2812009461521194 * p25 / p13 / p11 / p4 / c0.021577232213748077 / p34 / p33 + p31 
3400,29.845441914685534,c1.5249532062231204 - p12 + p30 + p21 - c3.2248041222636075 - p17 / c0.8528442040765011 + p31 
3401,9.37795066080426,p31 - p28 / p0 
3402,27.994459867192816,p13 + c0.8631406517218021 - c3.669053521507322 
3403,17.537612945016132,p12 - c2.6680489951789084 - p6 / p19 + c2.8229039323887477 + c4.0139275307584175 / p18 
3404,7.8657310053944896,p5 - c3.5574221199090834 / p11 + c1.9922226182188312 - c0.845219573407679 
3405,9.646003579851673,c2.9377683575951856 + p10 + c3.229348062629977 / p3 * c1.577448905382504 * p27 / p19 + p10 / p10 - c4.922661335470226 
3406,1.7700351282724849,p25 + p14 / p34 / p24 / p8 / p17 
3407,10.223993633701518,p2 + p10 / p28 
3408,13.04678953594312,p3 + p25 / p1 / c1.458577392339253 / p25 + p13 / p31 
3409,10.223993633701518,p2 + p10 / p28 
3410,2.3107016157797795,p29 + p16 - p29 
3411,6.235372848350717,c1.8586939998472567 / c0.7656398163968381 / p6 / p8 * c1.533012254354288 / p34 - p6 - p31 / p13 / p21 + p22 + p20 
3412,6.101398756629125,p26 / p30 / c1.8707226824474472 + p2 - c0.0070201054356539005 / p17 * p11 
3413,1.945904337275528,p30 + c1.345102713804065 * c4.355179737540102 / p14 
3414,76.32931389604589,p5 + p6 * c0.45852210471439114 * c2.547353611655368 - c2.7861124047014436 / c2.3326327147159343 * c2.1358230310576953 - p21 / c4.147781918981174 
3415,2.468966422043674,p26 / p30 * p18 - p29 / p4 / p3 * p11 + p30 / p7 
3416,21.72913047201004,c3.9426335749278536 - p30 / c3.4081333430730796 / p19 + c4.045398837405361 + p15 - c3.7003237240890803 / c0.8514458693991883 - c1.3907101725192472 * p5 / p17 
3417,17.556435391676402,p11 + p4 / p31 / p2 / c4.90233015389655 / c1.8810858087534932 
3418,30.604838957695947,c2.178898696260644 / p15 + p3 + c2.873803398326536 / p30 / c2.0603187014073625 * c4.926415079907038 / p28 + c1.0027902366423036 
3419,2.670516174698164,c0.7656398163968381 / p13 / p21 + p20 / p18 / c4.9587476381499895 - c0.28487771931968664 + p2 - p12 + p23 / p21 * p31 
3420,4.864496758451374,p5 + p25 - c0.4294683167849328 - p2 * p27 / p20 
3421,17.64726472465201,p3 / c1.2360275654921082 - p11 + p8 * p6 / p31 / p11 / c2.470133347566769 + p27 
3422,33.54229257616068,p0 - c3.1365266772541736 / p26 / c3.9593077597369337 + p23 / c2.5738322859177276 - p16 / p12 
3423,11.492780817179057,c0.7656398163968381 / p13 / p21 + p18 + p2 - p12 + p23 / p31 + c1.7358974666296678 + p23 / p6 / p27 - p27 - c4.251901716142066 + p7 
3424,10.576538211739466,p13 + p25 / p0 + p20 / p20 / c4.76963461659273 / p29 
3425,16.886092072297664,c0.7309178513967168 * c0.5529513201994191 - c4.180692250327426 / c2.460163446854021 + p8 - p30 / p8 * p10 / p21 / p15 
3426,4.617647682417259,c2.5335281388097064 / c3.476525836719045 / c1.7809814412400127 + p17 
3427,3.6303088640261447,p5 - c0.4294683167849328 / p26 
3428,2.401208942537837,c0.7309178513967168 * c0.5529513201994191 / p21 / p26 * p1 / p31 + p22 
3429,23.23696941606054,p10 - p28 * c0.5378058849921935 / c3.9612875839169965 / p24 * p11 
3430,4.127191751915675,p31 + p12 / p18 * p27 / p29 
3431,3.3097394017080504,p31 + p12 / c4.654480055239513 / p6 
3432,2.91552250956912,p0 + p16 / p21 / p14 
3433,2.1721381869317944,p21 + p19 / p29 / p4 
3434,32.54563821935849,p21 + p19 / p4 - c1.0758530329381415 + c3.249316167609661 
3435,27.59737858318744,p25 * p31 / p33 * p7 / p3 + c2.7488477454794835 - p25 + p8 
3436,34.867801831150906,p2 * c0.6615094883493439 - c0.11712993211705935 / c3.4470827242806434 
3437,2.5917711094753253,p8 + c2.4851826066881455 / p4 
3438,2.59970910785996,p8 + c2.4851826066881455 / p4 / p9 - c3.411579220719052 / p19 
3439,14.42306270741266,p17 / p6 + c0.0500663776123772 + p11 / p9 + p11 
3440,3.823814867605988,p20 + p18 * p22 / p17 / c3.564917578769282 / p26 
3441,1.7607937512763785,p23 / p25 * p25 
3442,4.15787837092206,c0.6615094883493439 + p30 / p21 * p17 - c1.8929594344759881 / p18 
3443,13.410883713774275,c0.4294683167849328 / p26 / c0.3152081982718452 / c1.7206658376923993 + p10 + p26 / p31 
3444,7.510158202350701,p6 + p11 - p27 - c1.2835998920315732 / p32 
3445,2.06382346511864,p25 + p22 - p25 
3446,10.106261918882272,p21 - c1.022915899588387 - c3.0668371606721125 / p9 / c2.392179357285602 
3447,27.66503677417496,c2.0210396512695974 / p26 + p7 - c4.233389970704989 / c3.413373811126789 / p1 * p22 / c0.32356635885173735 + c0.9961704713971314 / p3 
3448,2.644987180562756,c1.3061708187486332 / p0 / p8 / p5 / c3.9670542583753257 + p10 
3449,41.35772886599353,c4.79286743603595 - c0.7231888527427749 + p31 
3450,2.644987180562756,c1.3061708187486332 / p0 / p8 / p5 / c3.9670542583753257 + p10 
3451,16.889229139010496,p10 - p3 / p27 + c2.6684053280582605 - p26 + p26 
3452,7.993900840142719,c3.1806116599234144 + p1 + p8 - p15 - p10 * c2.9632487169990367 / c2.2119138952557065 / p30 * c2.9176578573385026 
3453,10.723860931985026,p10 - p3 / p17 
3454,3.960527391617896,p10 - p17 + p1 
3455,3.837939644893198,p9 * p13 / p29 
3456,3.837939644893198,p9 * p13 / p29 
3457,14.635025490996698,c4.016955640349304 * p17 + c0.8974617525856066 / p1 * c3.9556410919771796 * p16 - c2.1852808050494668 / p14 - p18 - c4.707150057411778 - p21 - p12 
3458,27.33610454570633,p2 + c1.9002459100320745 - c4.534012819900616 
3459,3.234144834643471,p33 + p12 / p9 
3460,1.8251598429480995,p18 * c2.993048058693799 / p1 + p28 + c3.7736898292758303 - c3.3430019968413034 * c2.0220089015834652 
3461,3.063083483256555,p2 / p21 * p21 + c4.234979309621757 / p18 / p29 * c3.126192635838147 
3462,1.815339880903964,c1.2273155006272845 / p19 + p25 
3463,3.3098955117861717,p33 + p12 / p9 * c1.027007456112345 
3464,1.815339880903964,c1.2273155006272845 / p19 + p25 
3465,1.815339880903964,c1.2273155006272845 / p19 + p25 
3466,1.815339880903964,c1.2273155006272845 / p19 + p25 
3467,4.523674798952492,c1.2273155006272845 / p19 + p25 - c0.9780807847733802 / p11 
3468,81.63248286995851,p28 * p28 / p27 * c2.264768403463931 / p33 
3469,1.826831496462887,p25 - c2.8666885846436267 / p3 / p4 * c2.4663005953523314 / p8 
3470,11.593834660450028,c1.9002459100320745 - c4.534012819900616 / p12 / p33 + p30 
3471,2.454250398517213,p33 - p13 / p11 / c4.867408889707757 / p15 * p23 
3472,4.971919461045473,c3.003314814009897 * c0.313016161653496 + p26 - c0.5728011913267267 
3473,10.72996625090369,p33 / p3 + p3 
3474,2.884489830038302,p3 + c4.051204956682087 / p24 
3475,2.884489830038302,p3 + c4.051204956682087 / p24 
3476,2.755953396641868,p10 * p31 / p22 
3477,4.90803595889648,p6 / p33 / p23 + p31 
3478,3.792100100479734,p0 / p22 * p15 
3479,6.721250490354482,p25 - p8 + p22 - c0.511843139723861 
3480,1.2788859906899883,p33 - p2 / c4.228433572620825 / p19 
3481,1.3695731032410363,p33 - c4.228433572620825 / p19 
3482,22.901080878381347,p22 * c1.6827428914113525 - p23 + p13 + p1 * p30 / p1 * c0.14266530522619947 - p33 - c0.3699066838604409 
3483,6.055624604634753,p22 + c1.3899889933713128 / p8 
3484,6.055624604634753,p22 + c1.3899889933713128 / p8 
3485,28.661293872987585,p23 / c4.97614464684827 + p32 + p27 / p15 / p25 * p31 - c1.0966813293605986 / p9 * c4.662313472932632 / c0.8703062234553782 / p30 
3486,3.9188798935006535,p22 + c1.3899889933713128 / p8 / p31 
3487,2.516321581499554,p18 * p21 / p23 
3488,17.082132386406805,p23 / c4.97614464684827 + p32 + p27 / p15 / p25 * p31 - c1.0966813293605986 / p9 * c4.662313472932632 / c0.8703062234553782 / p30 - c0.9082915796950319 - p25 / p27 
3489,10.118853433445183,p17 - p6 / p25 / p21 * p3 + p17 / p9 
3490,11.876156604828592,p23 / p5 + p15 - p25 * p30 / p23 + p16 
3491,3.616318381984957,c1.957725871543134 / p27 / c3.6513322800455583 * p5 - c1.055758448357123 / p26 + p8 
3492,14.043874604243443,p5 - c0.1491813129767211 + c1.4977492533863268 
3493,2.32582511497886,p16 - c0.30396108186626025 / p5 / c3.9560985432671454 / p5 * p32 * p8 / p20 / p2 * p21 
3494,2.3967957023075104,p16 - c0.30396108186626025 / p5 / c3.9560985432671454 / p5 * p32 / p20 / p2 * c3.898706384596781 
3495,4.579139919443417,p34 - p29 + p11 - p26 + p20 
3496,1.497471741613804,p33 / p3 * p0 
3497,1.79270930987881,c0.511843139723861 * p28 * c1.766304443477393 * c1.1173889526972236 
3498,2.276647979285931,p13 - p27 / p15 + p32 / p10 
3499,2.761999943399441,c1.9141415515306337 / p24 + p5 
3500,4.7796486108218375,p12 / p19 + p6 
3501,2.262970999792252,p14 / p24 * p32 
3502,12.48131614461708,c0.511843139723861 * p28 * c1.766304443477393 * c1.1173889526972236 - c1.3664587165886783 + p18 / p34 
3503,1.680274766303987,c0.511843139723861 * p28 * c1.766304443477393 * c1.1173889526972236 - c1.3664587165886783 / p34 
3504,5.512557712794073,p10 * c4.830891976373422 / c4.5986373543054215 
3505,6.796641400947631,p27 + p32 / p4 + c0.45711229346122095 
3506,17.80192221802756,p27 + p32 / p4 + c0.45711229346122095 + c1.1292412452097034 
3507,13.318336682289903,p27 + p32 / p4 + c1.1292412452097034 
3508,4.836916885977614,p2 * p5 / p26 
3509,4.836916885977614,p2 * p5 / p26 
3510,27.342007591050145,p6 - p28 / p29 + c0.44153391743284476 / p8 * c2.363306147358766 * c1.9178129288220436 / p1 + c2.4975117513882505 
3511,30.2555986092627,p6 - p28 / p29 + c0.44153391743284476 / p8 * c2.363306147358766 * c1.9178129288220436 + c2.4975117513882505 - p27 + p3 - c0.5094908126268904 * c0.43784151167774954 
3512,12.023862647191812,p6 - p28 / p29 + c0.44153391743284476 * c1.9178129288220436 + c2.4975117513882505 - p27 + p3 - c0.5094908126268904 * c0.43784151167774954 - p15 - c0.7664596751325348 - c1.4022639082204953 + p0 
3513,72.0878804621188,p33 + p15 / c2.40949721587677 + p4 - c3.126794232397028 * c3.390709916848749 / p27 + c2.9210920150510598 + p12 - p25 - p29 - p11 
3514,2.709345331203532,p3 - p0 / p29 / p0 
3515,2.7110416565434536,p8 / c4.588728021546691 / p18 + p27 
3516,7.730563302311699,c4.461092559764774 * p18 / c4.831533450899189 
3517,3.679582910954068,p30 - c2.591394167339912 / c3.4444702968600445 / p25 
3518,69.69095754606559,p8 / c1.4046997812518403 + c1.0194016171910925 / c1.2835759156619964 - p21 + p17 * c1.4052816483815522 / c2.67086372355816 + c1.196904194654747 / p19 
3519,13.489091199404132,c0.9120498792114606 * p3 / p7 - c1.9598775207522223 + p32 - p26 * p16 / p6 + p22 
3520,8.459929459867976,c0.9120498792114606 * p3 / p7 + p32 - p26 * p16 / p6 + p22 
3521,3.4430534037702647,p15 / p22 * p7 
3522,7.525278675549864,c0.44156034428049884 + p28 + c0.7604649355103144 / p6 
3523,4.930002496651044,c0.44156034428049884 + p28 + c0.7604649355103144 / p6 / p9 
3524,4.8358113529496105,p5 - c0.3506767359974855 * p18 / p6 
3525,10.088748771043534,p5 / p6 + p2 
3526,4.22367935590619,p31 + p11 / p34 
3527,2.8449960565186894,p20 - c0.8655277774318609 / p29 + p27 / c2.983890094523844 / p24 - c0.7826420266036016 / p13 / p17 / p27 
3528,2.3891632745814877,c3.9349478888222738 * c4.355160076032055 * c2.6804308805504675 / p19 / p26 / p10 / p15 + p20 
3529,7.544149454991403,c0.44156034428049884 + p6 / p9 * p29 
3530,12.624600528078908,p18 + c3.1821565531763913 / p12 
3531,9.81814184468732,p18 / p12 + p22 
3532,4.094658309150942,c0.15753800147273178 / c3.996790996305155 - p15 / p19 + p0 
3533,14.235302546599824,p21 + p27 / p34 + p7 + p32 / p19 - p6 / p1 / p23 - p1 - p0 / p21 
3534,9.385101040014511,p33 / p15 + p32 
3535,9.385101040014511,p33 / p15 + p32 
3536,22.10220214420312,p31 * c0.8783541315171683 + c0.04957758156220349 / c3.1596634786212983 * p29 * c2.0560988567860705 
3537,7.977954989597752,c0.44156034428049884 + p9 * p6 / p34 
3538,40.200413746549394,p28 - c3.9529491419194445 * c1.026236870951781 
3539,38.179873836439214,p20 + p27 / c3.5170699288783602 + p31 / p33 
3540,3.922849908125357,p31 - p7 / p7 / p3 + c3.390184618749535 / p19 / c0.3924220707434728 
3541,2.7573808085843745,p11 * p6 / p1 
3542,4.185798915253283,p26 + c2.829609881170458 * p28 + c1.9822508434427517 / c2.593948256557139 * p21 / c4.592334058591886 - p6 - p28 - p12 + c4.373678209735706 / p9 
3543,3.895944655920595,p15 + p32 / p4 
3544,7.412235734539719,p15 + p32 / p4 * c2.3217982747311385 
3545,5.100290569218218,p24 / p16 / p19 + p12 
3546,2.080571160023889,p20 + p27 - p23 - c0.003849797551873646 
3547,1.6760972207362963,p30 + p16 / c1.2777463361733439 / p29 - c0.5067071504795106 / p4 / c0.9236087634827406 * p16 
3548,2.8379458460520635,p30 + p16 / c1.2777463361733439 / p29 - c0.5067071504795106 / p4 / c0.9236087634827406 * p16 / p31 
3549,1.6794480725661485,p30 + p16 / c1.2777463361733439 / p29 - c0.5067071504795106 / p4 / c0.9236087634827406 * p16 / p31 * p0 
3550,9.274787511421644,p7 / p15 + p32 
3551,5.557269892565189,p30 + c0.5067071504795106 * p16 / p0 
3552,12.89651911626886,c4.8031974283935925 * p30 / c4.255446459153663 
3553,26.973048342897656,p30 / c4.255446459153663 - c2.41321583964136 + p1 
3554,32.50212163291347,c0.9120498792114606 / p3 - c3.965435184400081 - c0.6640496811846408 / p24 / c2.334563041933162 / p28 * p16 * p24 + p16 / c3.698571223039478 * c4.047389308486277 
3555,2.572945898245461,p33 - p10 + p31 
3556,21.089831721146982,c4.255446459153663 - p1 * c2.193466770492769 / p2 + p16 
3557,25.88627060248056,c2.1401507720394655 * p34 - p5 + p18 + p8 - c2.127976314852655 * p19 + p12 / p17 
3558,1.968234455210593,p23 / c0.7771986897624367 - p21 * p17 / c3.3744144466110266 / p6 
3559,34.68893325529787,c0.9788635590832517 / c0.07736860910491028 / c3.286878782488812 * p17 - p15 - p8 / c0.683780649716132 
3560,1.849793465613789,p30 - p23 + p27 
3561,14.996205580507484,p5 / c0.6384685439162885 / p21 + p17 
3562,4.171435793968268,p17 - p2 / p17 * c1.76569259618278 / p8 - c0.5474921857609361 - p10 + p32 + c1.6068185089105773 
3563,27.23920600121802,p22 + p13 / p1 / p13 / p6 - c1.5621967136870873 + p20 / c3.0276251041742808 + p8 - p32 
3564,1.7989169272124743,c1.7645788540287537 / p32 * p23 / p29 - p0 / p25 / p9 + p25 
3565,42.806939955383086,c4.055465521282173 - c2.2277373404374536 / p17 + p8 / c1.9159445212302124 - p25 + p17 
3566,10.170608236584712,p26 * p28 / p21 - p2 / p23 
3567,3.308987896655518,p6 + p31 / c4.289884681416489 / p17 / p10 
3568,5.960623622803847,c0.3937094885531961 - p11 + p3 - c3.60621342296308 - c0.44135181263032397 + p6 / p22 * p21 * c0.9402360791505832 + c3.5541662154376925 
3569,5.317984919647581,p26 - p23 + p13 - c2.0998114628986215 / p26 / p7 
3570,6.882832788726047,c1.3182260763221425 / p8 - c3.8566125342726476 + c3.3226901751370197 / c1.2236255830787512 + p30 
3571,34.88150410092413,c1.7645788540287537 / p32 - p0 / p9 + p25 * p1 / p33 / p20 / p1 - c4.207007215744305 + p13 
3572,7.626780048279774,p4 - p24 + p21 
3573,14.325459767341334,c0.1406523827521894 - c0.35366344167651165 / c3.023618556586602 + p28 / c1.1708424259522316 * p32 / p7 + p17 / p29 / p0 * p29 * p1 - p25 
3574,2.5345684639097064,p11 / p5 * p3 
3575,10.158026466659546,p12 - p13 + p15 - p28 + c4.6295604653054 / p14 / c4.299508173054879 / p18 - p22 / p29 + c1.0465687649681066 + p32 
3576,29.186717104495123,p21 / c0.09131231873838852 / c3.7726834033352534 / p30 + p28 
3577,35.878956448615824,p30 + c4.277325905616842 - c1.1011829973756315 * p16 + p11 
3578,12.707607258110595,p17 / p22 + c0.8650517650256251 / p26 - p1 + p23 + p3 
3579,18.035781189780828,c0.8608515974288639 * p12 - c0.3250951345191788 
3580,9.512439630815948,p7 - p1 - c2.0687308924459757 / p25 + p6 
3581,12.623004927718767,p6 - p20 / p23 - c1.5048113862292278 / c2.0553413073895417 / p3 
3582,18.035781189780828,c0.8608515974288639 * p12 - c0.3250951345191788 
3583,18.035781189780828,c0.8608515974288639 * p12 - c0.3250951345191788 
3584,18.035781189780828,c0.8608515974288639 * p12 - c0.3250951345191788 
3585,18.035781189780828,c0.8608515974288639 * p12 - c0.3250951345191788 
3586,18.657859125144967,p20 / p11 * p32 + c4.644174816633014 + c0.8033296107163018 / c2.189089458641034 + c3.0827707823320476 / p34 - c3.998153451347478 - c0.8073751619876923 + c1.7572611627621821 
3587,23.926227490874883,p20 / p11 * p32 + c4.644174816633014 + c0.8033296107163018 + c3.0827707823320476 / p34 - c3.998153451347478 - c0.8073751619876923 + c1.7572611627621821 + p28 / p28 * p0 - p32 
3588,9.372952169613203,p31 - p17 / p22 
3589,45.86442604104845,p12 + p20 + c4.4614564344316125 + c0.2573982645605355 - p15 
3590,61.47791285243963,p23 - c3.5502577699456737 - c2.263086008978201 - c1.1024356298004538 / p3 
3591,68.04513886155766,p15 - c0.6804949518898551 * p3 
3592,2.739950513723953,c0.4025449814481724 / p8 * p12 / c1.2773697006355595 / c4.097737919571567 + p8 
3593,18.11438451863973,p25 / p34 / c0.5635271882927678 - c4.449391575300408 / c2.3002338784796343 + p11 
3594,91.11421314412549,c1.2446768243739903 / p30 * p10 - p2 / p30 / p26 
3595,14.19295979986236,p22 - c1.6839784210681312 * c0.045195922998403915 + p17 - c1.2877675384976923 - c4.5982715857642145 + p12 / p13 - c0.16252245405745658 - p10 + p0 - p17 + c3.839526034918439 
3596,9.81986663316194,c1.2711129016986118 * c0.8388980278251734 / c1.1402740909512266 + p20 
3597,31.82191755846997,c0.6804949518898551 / c3.3834511597235633 / p25 / p20 / p9 + c3.2705924621981426 + p2 
3598,7.52829134417789,c3.3834511597235633 / p25 / c3.2705924621981426 + p2 + c4.162635237675259 / p10 / p34 / c1.2965082891083035 - c0.9842036377910435 + c1.2367431236203168 
3599,72.29578978893903,c0.8608515974288639 * c0.3250951345191788 * p12 / p18 * p15 
3600,86.53070193788841,p23 / p18 + c2.6899405587293783 * c0.13453952143166803 
3601,54.46644656309009,p23 / p18 + c2.6899405587293783 * c0.13453952143166803 * p22 
3602,25.19958261822433,p32 / c1.7514391666782436 * c0.4271124849043295 + p6 
3603,10.06216880316508,p21 / p13 + p12 
3604,3.1991202995135053,p23 / p18 * c0.13453952143166803 * p27 / p8 + p7 + p7 - p2 
3605,4.32140203437884,p10 - p26 + p1 
3606,3.114650872083517,c4.298786001935514 + p25 - c4.0816924407310955 
3607,28.577768556523647,c2.466493880292097 - c4.4820414336434835 / c0.3235487019643296 / p22 - c2.704656691932577 - p12 + p3 + c2.242802099069709 / c0.47763822956979674 + p13 
3608,11.533343693025442,p32 + c0.1769375475481766 * p20 * c2.6534202990940194 / c1.8153909354779314 / c3.2374678346484025 - c1.323888630963042 
3609,2.335138045740928,p17 + c4.907740705736524 / p13 * p17 * p17 / p1 * p12 / p29 / p5 
3610,16.70806487121922,p33 + p21 * c1.678923768502023 / p21 
3611,19.020088810675936,p7 + c1.4928781367544635 * c3.335078294169049 / p2 
3612,83.67846739134399,p5 - c3.823097536438014 + p8 
3613,32.84888916106964,p25 - p5 + p31 / p33 * c1.0225386343028946 / p14 + c0.23458835614611706 - p21 / p1 + c2.6632436671815234 / p16 * c2.562364264963124 - p20 / c4.513251587106096 + p11 
3614,6.635854247938043,p23 - c2.6831207391888134 / c1.7571247049047516 / p17 
3615,7.191679796038443,c2.0218251940513166 * p11 - p30 + p26 / p21 / p17 / p7 
3616,7.917381093432814,c3.6756704118318426 - c2.87704521814159 * p26 / p22 + p20 
3617,34.94855254738964,p25 - p5 + p31 / p33 * c1.0225386343028946 / p14 + p1 + c2.6632436671815234 / p16 * c2.562364264963124 - p20 / c4.513251587106096 + p11 - p27 
3618,1.7925117405412363,p27 + c0.004926636330366829 * c1.836248196464264 
3619,81.59648862846946,p17 / p5 * c1.3757378117720276 * c2.435900724999091 / c2.1476339299012963 / c0.7578998550605504 + c0.9769650478138492 
3620,12.590749811256009,c3.9952805739049935 / p34 * p7 + c3.762658898470499 / p14 / p30 / p27 + p13 + c4.339298832149981 * p30 / c2.4045650674492522 / p14 / p29 
3621,6.947804966872124,p34 / p24 + c4.330912706764339 - c4.732619539329451 + p10 
3622,3.157876595951442,c2.6535390679572908 * p27 / c2.705574376372177 
3623,2.6866762782486884,p2 / p25 * p26 
3624,4.603085563717726,p26 - c0.0015908320239133023 + c4.671904032534459 + c0.1656965599071203 + p5 / p2 * p8 - c4.716046940356906 - p8 - p22 + p13 
3625,9.80741365517454,c0.3250951345191788 * c2.352578449672586 / c4.383279125927592 / p12 - c2.58366963860388 * c4.051862540069154 / c4.262063265935383 + p15 + c3.3115048558051567 
3626,12.318419043445344,p32 - c3.064883654640579 / c3.504541942159607 / p28 + c0.6281883516868625 + p10 / p15 
3627,8.793296344481359,p13 * c0.9303544231013899 - c4.997813477649537 + p20 / p33 * c4.837481733311778 
3628,8.543759502719247,p28 - p3 / p28 / c1.0920140660903672 * p20 + p15 
3629,2.0754895370850472,c0.12168260801647235 + p3 + p31 - p6 
3630,90.21749675496328,p5 / p6 + p15 - p3 
3631,3.985392407308704,p7 + p29 / p9 / c3.5103487836810294 
3632,22.491598139860017,p29 / p12 / p23 / p3 / c3.4833866068793613 / c2.1486835849104313 + p32 + c1.2296651107159424 * p34 / p19 
3633,10.585317744227355,p18 - p25 / p18 / p32 / c0.24433111221044967 + c0.8212021986891271 
3634,4.11794775360872,c0.3250951345191788 / c4.383279125927592 / p12 * c4.262063265935383 + p15 + c3.3115048558051567 / p9 * c2.851532824786082 
3635,11.436035424830695,p18 / p0 + p6 
3636,2.68265305352288,p18 * c0.3849696435960914 * c2.580122108104006 + p27 * p20 / p7 / p10 - c1.1020727581519547 
3637,2.245785149310113,p21 * p28 / p31 
3638,2.245785149310113,p21 * p28 / p31 
3639,48.04356726678472,p20 - p19 / p19 * c0.512635389113158 - c4.254907550565607 - c1.00290929980702 / c4.564252658978418 / p33 
3640,39.159318054501,c1.4291488981745992 * p22 - c2.5796807125213417 / p27 * p18 
3641,4.820130795295461,p8 + c0.8359282898162934 / p5 
3642,4.786490242590133,p8 + c0.8359282898162934 / p1 
3643,25.76407967555385,c2.944689815432198 * c0.7381514215066243 * p10 + c0.9409870653357094 - p21 
3644,41.03726553660132,p28 / p20 + c3.2279934560915575 + p17 
3645,85.21550092754964,p28 / p20 + c3.2279934560915575 + p17 - p22 
3646,14.662911908741917,c2.6535390679572908 - c1.064370453835843 - p1 / c0.9808992738276201 + p8 + p26 
3647,2.0543524079966184,p21 * c1.1732756653318255 / p30 + p26 - c4.390722516548868 + c2.248685906790291 + p15 / p11 
3648,38.9784203718819,c3.9008636671624775 + p16 + p16 - p6 - p28 + p22 
3649,92.9494005473642,c1.7639430979472381 / p30 * p15 * c0.4033224567515048 
3650,2.171065416261269,p10 / p29 * c0.20301832101549233 + p20 
3651,51.546658404092526,p33 / p15 / p7 + p22 * c2.509116105034802 / c1.6441521117446474 - p23 / p24 
3652,31.13329135401346,p15 / c4.736635755028468 * c3.26120540866987 
3653,56.875997077178674,p33 + c2.509116105034802 + p21 / c2.0984365161350844 / p14 + c0.30450171418428595 * p31 - p21 
3654,3.873253154004404,p20 * p3 / p31 
3655,17.05224396078758,c1.1928667145010774 * c0.6119073974801542 / p13 / c0.9661188250832137 * p1 / c4.141386399935818 + c1.486249620861257 + p10 
3656,2.751688073641112,c1.1928667145010774 / p13 / p1 / c4.141386399935818 + p10 
3657,26.907260329574832,p1 + p28 / c1.0804590194109487 / p17 - c3.7040138360682695 
3658,15.788176555474635,c2.5634478343952534 + p10 - p31 / p22 
3659,2.775484832692616,p25 + p6 - p2 
3660,9.64629512294139,p28 / p18 + p2 - c3.953926825940892 / p26 - p7 / p14 
3661,43.11927085510813,p7 - c3.3240633184067696 + c1.505201740964598 * p20 - p21 + c0.8905385825352641 
3662,82.04491607819257,c2.5634478343952534 - c4.465975327118999 / c0.955477010117271 / p32 / p31 * c0.476229175990745 - p13 / p16 / p33 
3663,28.936407481117087,p22 + c0.29865492944739835 + c4.255067545225143 / p0 + c1.1534919077298782 
3664,4.968769722049051,p26 + c2.3014157404107976 / c2.4162457559943427 / p22 
3665,6.17959531174205,c0.7876919260303122 / p17 + p28 + p14 / p9 - p10 / p13 + c0.1764170109634866 - p8 + p16 
3666,4.847219895659764,p26 + c2.3014157404107976 / p22 * c0.3987996312504366 
3667,8.63907989900307,p3 - c1.9477819583120437 / p31 
3668,43.13649892683932,p0 / c1.536457030202395 / p11 * p10 + p32 / p20 * p30 / p30 * c4.40379829253801 
3669,8.166251785187624,p23 - p18 + p8 + c0.7448942501791966 
3670,10.843551542392078,p5 - p26 / p8 
3671,3.0397842008962583,p22 - p5 + p7 - c2.4874331998308694 / p24 
3672,5.002332809300586,p5 - p21 / p29 - p15 / p4 * c0.3901042310068076 
3673,24.2485286875102,c0.2576234610311323 * p30 + p7 - p12 * c2.6716479127793624 / p17 + c1.494333419656137 / p1 - p27 + p25 
3674,22.44227631449843,p5 + p2 / p18 * c2.244981132466582 
3675,20.456902772936733,p28 + c2.0444056180105474 - p3 + p10 
3676,6.279315998981476,c3.877705508550306 * c0.12513191545492908 * p20 * c2.1860843243255235 
3677,11.764381754059375,p30 + p7 - p17 + c1.494333419656137 / p27 + p25 - p23 - c0.9309714754113302 - c1.528787904680109 / c2.003721801295298 
3678,3.749508405134244,p5 + p5 - p12 + c1.961409830200655 / p19 
3679,2.3260723365233984,p0 / c0.7625002101939404 / p5 / p9 + p15 
3680,33.80580342840114,c1.1243885037114238 - c1.7434057810354964 + p16 - c2.8743241669645023 
3681,15.59430273379884,p5 - c2.65308817570562 + c4.164134568122442 
3682,1.7810409828339973,c1.4049988296324034 / c2.4797934794338805 * c0.22502676980167724 * p11 / p6 / p8 / p10 / c4.634753557981445 + p25 
3683,2.9819203491126967,c0.5935580596768308 / c4.605927764732556 / p23 + p2 
3684,2.127343779415732,p12 + p28 - p2 
3685,30.66215647979016,c1.4049988296324034 * c0.22502676980167724 / p6 / p8 / c4.634753557981445 + c3.5169663235922393 + p33 * p23 / c0.37404472605712724 / p6 / c2.823780043161857 
3686,6.670993770696139,p12 - p25 / c1.9080106150964893 / p30 + p31 - p26 
3687,32.7101656783672,c3.217143601116075 * c0.804526231653383 + p11 / c2.69199412581417 * c4.501779500767198 - p25 / c0.9771669604898892 - p12 + c0.404101496993467 * p33 + p17 
3688,21.94835270089717,p7 - p13 - c1.998669676967189 + p27 
3689,29.69486978688032,p25 - c0.48014959671549395 + p10 / p2 + p31 / c4.140325777218123 
3690,28.6242754472563,p14 + p5 / p5 / p25 / p4 * p15 + p23 + c2.1524106369436513 / p29 - c2.6290612910891724 - p34 
3691,36.63868189620153,p7 + c4.770406742774959 - p25 / p28 
3692,13.148219306508215,p33 / c4.013443463681549 / p1 * c4.484258851350022 * p2 - p28 / c4.429630309565021 
3693,5.252518859626034,p26 - c2.4484793703599923 / c3.9184199098769934 + c1.383268453967656 / p4 * c4.364595146898994 
3694,3.8121988003207714,p30 + c0.7643185063998142 / p14 * p8 - p30 - c0.18218873559073867 + p16 + c0.5981495125563585 / p10 * c1.32187203677945 / p8 
3695,41.563567378548505,p23 / p11 / p22 / p14 - p29 - p2 + p23 * p3 / p8 - c1.5130616245882977 * c3.8455639659063188 + p26 + c4.647998422161719 / p13 + p9 
3696,43.31446088772369,c0.23697290564065276 * p10 + p17 + p20 / c4.843495068263844 
3697,15.001959097762112,p33 / c3.807620474818459 / p9 * c4.880818431536737 - c0.4964070787846109 / c4.452901141173619 * p0 * p30 / p12 - p10 / c3.046081608323284 * c2.5872839082064814 / p21 + p6 
3698,2.137936186684508,c2.021501852159568 / c3.403266826757215 + p23 - c0.8429594249804528 * c0.8486002467716319 * p2 / p16 + c0.05075204991709381 / p3 - p6 / p33 / p13 / p24 
3699,19.85281807289747,p21 / p26 * p3 * c1.979284921638928 / p30 + p23 
3700,23.41886861397945,p31 - c3.661329441623188 - c2.8669318726251083 + c4.075801852698751 
3701,5.2725285314318695,p5 - c4.609242800284225 / p11 / c4.8908414790381824 
3702,1.800819245278416,p23 + p26 - p23 
3703,4.461889363372274,p5 + p26 / c3.3891104899200117 / p31 
3704,24.50562487009093,p1 - c1.6288839928597003 * c1.5457107955884757 
3705,9.14750303575778,p18 / c0.9771106004986552 - p1 / p6 
3706,10.995545133942429,p5 + c3.2818813009531183 / c3.200142813800286 
3707,33.64343242472891,p16 / p1 - p2 / c4.80625062567108 + p2 - p6 + p23 - p5 / p15 + c3.8902947613787546 - c4.997789014979129 
3708,58.320318939129145,c0.9239160392855772 - c3.546210469811359 - p16 / p19 / p18 * p8 / p14 + p33 - p23 / c4.025433181802022 - c0.7442224595943364 
3709,2.3437959810588835,c0.9237402309008103 * c0.3155584390227384 * p21 / p29 / p7 / p16 * c3.856984323438975 * p13 / p29 * p7 * c0.5282510179592459 + p16 
3710,1.8376678922802157,c0.3155584390227384 * p21 / p7 / p16 * c3.856984323438975 / p29 * p7 * c0.5282510179592459 + p16 / p15 / p24 + p23 
3711,5.487426356322814,c0.4863859120454084 + p25 / p14 * p14 
3712,13.815766655348224,p13 - p24 + p9 + p3 / p25 
3713,27.41782477345672,c0.4863859120454084 + p20 / p27 * p13 - c3.291068919041023 
3714,27.772174116102065,c1.528787904680109 - c0.1439891568587437 + p23 / p20 + c2.0731638475210934 * c0.009917994381407613 * p5 - p28 + p31 + p21 
3715,27.35786497590406,c1.528787904680109 + p23 / p20 + c2.0731638475210934 * c0.009917994381407613 - p28 + p31 + p21 
3716,25.86593103917497,p3 / c1.1297832878781489 - c3.167435397831864 + c1.7151095892266084 
3717,5.453892362998287,p21 / p6 / p21 - c3.93093585610844 / p19 + p1 
3718,3.036563601905532,p21 - p3 / p9 
3719,3.3589000499255777,c2.5602423559641645 / p0 / c1.7247168875883716 / p33 / c1.9397714624179996 + p12 
3720,35.474076211154056,c2.0731638475210934 + p21 + c3.908132585761379 / p18 
3721,3.3664070415690888,c2.0594155577546847 / p9 / p30 + p11 - p20 + p7 
3722,5.23909860967719,p27 + c2.094332540207447 / p10 - c0.8789684034521889 + p33 / p0 / p11 / c4.999597560698424 / p22 / p34 * p34 / c2.2092583455174926 
3723,80.83673116010314,p8 + c3.2932735703231004 / c0.6287398326618943 + c2.057522836625725 / p23 / p26 + c2.5537809252777546 
3724,2.740726045064121,p11 / p24 / p12 / p9 + p6 
3725,90.04413366326592,c4.639659236183613 - c4.540882558278402 / p28 + c4.105234031294626 
